    881  1761  1762
    882  1761  1763
    883  1761  1764
    884  1765  1766
    885  1765  1767
    886  1765  1768
    887  1769  1770
    888  1769  1771
    889  1772  1773
    890  1772  1774
    891  1775  1776
    892  1775  1777
    893  1778  1779
    894  1778  1780
    895  1781  1782
    896  1781  1783
    897  1784  1785
    898  1784  1786
    899  1787  1788
    900  1787  1789
    901  1790  1791
    902  1790  1792
    903  1793  1794
    904  1793  1795
    905  1796  1797
    906  1796  1798
    907   1761  1769
    908   1769  1772
    909   1772  1775
    910   1775  1778
    911   1778  1781
    912   1781  1784
    913   1784  1787
    914   1787  1790
    915   1790  1793
    916  1793  1796
    917  1796  1765
    918  1799  1800
    919  1799  1801
    920  1799  1802
    921  1803  1804
    922  1803  1805
    923  1803  1806
    924  1807  1808
    925  1807  1809
    926  1810  1811
    927  1810  1812
    928  1813  1814
    929  1813  1815
    930  1816  1817
    931  1816  1818
    932  1819  1820
    933  1819  1821
    934  1822  1823
    935  1822  1824
    936  1825  1826
    937  1825  1827
    938  1828  1829
    939  1828  1830
    940  1831  1832
    941  1831  1833
    942  1834  1835
    943  1834  1836
    944   1799  1807
    945   1807  1810
    946   1810  1813
    947   1813  1816
    948   1816  1819
    949   1819  1822
    950   1822  1825
    951   1825  1828
    952   1828  1831
    953  1831  1834
    954  1834  1803
    955  1837  1838
    956  1837  1839
    957  1837  1840
    958  1841  1842
    959  1841  1843
    960  1841  1844
    961  1845  1846
    962  1845  1847
    963  1848  1849
    964  1848  1850
    965  1851  1852
    966  1851  1853
    967  1854  1855
    968  1854  1856
    969  1857  1858
    970  1857  1859
    971  1860  1861
    972  1860  1862
    973  1863  1864
    974  1863  1865
    975  1866  1867
    976  1866  1868
    977  1869  1870
    978  1869  1871
    979  1872  1873
    980  1872  1874
    981   1837  1845
    982   1845  1848
    983   1848  1851
    984   1851  1854
    985   1854  1857
    986   1857  1860
    987   1860  1863
    988   1863  1866
    989   1866  1869
    990  1869  1872
    991  1872  1841
    992  1875  1876
    993  1875  1877
    994  1875  1878
    995  1879  1880
    996  1879  1881
    997  1879  1882
    998  1883  1884
    999  1883  1885
    1000  1886  1887
    1001  1886  1888
    1002  1889  1890
    1003  1889  1891
    1004  1892  1893
    1005  1892  1894
    1006  1895  1896
    1007  1895  1897
    1008  1898  1899
    1009  1898  1900
    1010  1901  1902
    1011  1901  1903
    1012  1904  1905
    1013  1904  1906
    1014  1907  1908
    1015  1907  1909
    1016  1910  1911
    1017  1910  1912
    1018   1875  1883
    1019   1883  1886
    1020   1886  1889
    1021   1889  1892
    1022   1892  1895
    1023   1895  1898
    1024   1898  1901
    1025   1901  1904
    1026   1904  1907
    1027  1907  1910
    1028  1910  1879
    1029  1913  1914
    1030  1913  1915
    1031  1913  1916
    1032  1917  1918
    1033  1917  1919
    1034  1917  1920
    1035  1921  1922
    1036  1921  1923
    1037  1924  1925
    1038  1924  1926
    1039  1927  1928
    1040  1927  1929
    1041  1930  1931
    1042  1930  1932
    1043  1933  1934
    1044  1933  1935
    1045  1936  1937
    1046  1936  1938
    1047  1939  1940
    1048  1939  1941
    1049  1942  1943
    1050  1942  1944
    1051  1945  1946
    1052  1945  1947
    1053  1948  1949
    1054  1948  1950
    1055   1913  1921
    1056   1921  1924
    1057   1924  1927
    1058   1927  1930
    1059   1930  1933
    1060   1933  1936
    1061   1936  1939
    1062   1939  1942
    1063   1942  1945
    1064  1945  1948
    1065  1948  1917
    1066  1951  1952
    1067  1951  1953
    1068  1951  1954
    1069  1955  1956
    1070  1955  1957
    1071  1955  1958
    1072  1959  1960
    1073  1959  1961
    1074  1962  1963
    1075  1962  1964
    1076  1965  1966
    1077  1965  1967
    1078  1968  1969
    1079  1968  1970
    1080  1971  1972
    1081  1971  1973
    1082  1974  1975
    1083  1974  1976
    1084  1977  1978
    1085  1977  1979
    1086  1980  1981
    1087  1980  1982
    1088  1983  1984
    1089  1983  1985
    1090  1986  1987
    1091  1986  1988
    1092   1951  1959
    1093   1959  1962
    1094   1962  1965
    1095   1965  1968
    1096   1968  1971
    1097   1971  1974
    1098   1974  1977
    1099   1977  1980
    1100   1980  1983
    1101  1983  1986
    1102  1986  1955
    1103  1989  1990
    1104  1989  1991
    1105  1989  1992
    1106  1993  1994
    1107  1993  1995
    1108  1993  1996
    1109  1997  1998
    1110  1997  1999
    1111  2000  2001
    1112  2000  2002
    1113  2003  2004
    1114  2003  2005
    1115  2006  2007
    1116  2006  2008
    1117  2009  2010
    1118  2009  2011
    1119  2012  2013
    1120  2012  2014
    1121  2015  2016
    1122  2015  2017
    1123  2018  2019
    1124  2018  2020
    1125  2021  2022
    1126  2021  2023
    1127  2024  2025
    1128  2024  2026
    1129   1989  1997
    1130   1997  2000
    1131   2000  2003
    1132   2003  2006
    1133   2006  2009
    1134   2009  2012
    1135   2012  2015
    1136   2015  2018
    1137   2018  2021
    1138  2021  2024
    1139  2024  1993
    1140  2027  2028
    1141  2027  2029
    1142  2027  2030
    1143  2031  2032
    1144  2031  2033
    1145  2031  2034
    1146  2035  2036
    1147  2035  2037
    1148  2038  2039
    1149  2038  2040
    1150  2041  2042
    1151  2041  2043
    1152  2044  2045
    1153  2044  2046
    1154  2047  2048
    1155  2047  2049
    1156  2050  2051
    1157  2050  2052
    1158  2053  2054
    1159  2053  2055
    1160  2056  2057
    1161  2056  2058
    1162  2059  2060
    1163  2059  2061
    1164  2062  2063
    1165  2062  2064
    1166   2027  2035
    1167   2035  2038
    1168   2038  2041
    1169   2041  2044
    1170   2044  2047
    1171   2047  2050
    1172   2050  2053
    1173   2053  2056
    1174   2056  2059
    1175  2059  2062
    1176  2062  2031
    1177  2065  2066
    1178  2065  2067
    1179  2065  2068
    1180  2069  2070
    1181  2069  2071
    1182  2069  2072
    1183  2073  2074
    1184  2073  2075
    1185  2076  2077
    1186  2076  2078
    1187  2079  2080
    1188  2079  2081
    1189  2082  2083
    1190  2082  2084
    1191  2085  2086
    1192  2085  2087
    1193  2088  2089
    1194  2088  2090
    1195  2091  2092
    1196  2091  2093
    1197  2094  2095
    1198  2094  2096
    1199  2097  2098
    1200  2097  2099
    1201  2100  2101
    1202  2100  2102
    1203   2065  2073
    1204   2073  2076
    1205   2076  2079
    1206   2079  2082
    1207   2082  2085
    1208   2085  2088
    1209   2088  2091
    1210   2091  2094
    1211   2094  2097
    1212  2097  2100
    1213  2100  2069
    1214  2103  2104
    1215  2103  2105
    1216  2103  2106
    1217  2107  2108
    1218  2107  2109
    1219  2107  2110
    1220  2111  2112
    1221  2111  2113
    1222  2114  2115
    1223  2114  2116
    1224  2117  2118
    1225  2117  2119
    1226  2120  2121
    1227  2120  2122
    1228  2123  2124
    1229  2123  2125
    1230  2126  2127
    1231  2126  2128
    1232  2129  2130
    1233  2129  2131
    1234  2132  2133
    1235  2132  2134
    1236  2135  2136
    1237  2135  2137
    1238  2138  2139
    1239  2138  2140
    1240   2103  2111
    1241   2111  2114
    1242   2114  2117
    1243   2117  2120
    1244   2120  2123
    1245   2123  2126
    1246   2126  2129
    1247   2129  2132
    1248   2132  2135
    1249  2135  2138
    1250  2138  2107
