1 1 1 0.0 0.0 0.0 -0.55
2 1 1 0.0 0.0 0.0 0.55
3 2 1 0.0 0.0 0.0 -0.55
4 2 1 0.0 0.0 0.0 0.55
5 3 1 0.0 0.0 0.0 -0.55
6 3 1 0.0 0.0 0.0 0.55
7 4 1 0.0 0.0 0.0 -0.55
8 4 1 0.0 0.0 0.0 0.55
9 5 1 0.0 0.0 0.0 -0.55
10 5 1 0.0 0.0 0.0 0.55
11 6 1 0.0 0.0 0.0 -0.55
12 6 1 0.0 0.0 0.0 0.55
13 7 1 0.0 0.0 0.0 -0.55
14 7 1 0.0 0.0 0.0 0.55
15 8 1 0.0 0.0 0.0 -0.55
16 8 1 0.0 0.0 0.0 0.55
17 9 1 0.0 0.0 0.0 -0.55
18 9 1 0.0 0.0 0.0 0.55
19 10 1 0.0 0.0 0.0 -0.55
20 10 1 0.0 0.0 0.0 0.55
21 11 1 0.0 0.0 0.0 -0.55
22 11 1 0.0 0.0 0.0 0.55
23 12 1 0.0 0.0 0.0 -0.55
24 12 1 0.0 0.0 0.0 0.55
25 13 1 0.0 0.0 0.0 -0.55
26 13 1 0.0 0.0 0.0 0.55
27 14 1 0.0 0.0 0.0 -0.55
28 14 1 0.0 0.0 0.0 0.55
29 15 1 0.0 0.0 0.0 -0.55
30 15 1 0.0 0.0 0.0 0.55
31 16 1 0.0 0.0 0.0 -0.55
32 16 1 0.0 0.0 0.0 0.55
33 17 1 0.0 0.0 0.0 -0.55
34 17 1 0.0 0.0 0.0 0.55
35 18 1 0.0 0.0 0.0 -0.55
36 18 1 0.0 0.0 0.0 0.55
37 19 1 0.0 0.0 0.0 -0.55
38 19 1 0.0 0.0 0.0 0.55
39 20 1 0.0 0.0 0.0 -0.55
40 20 1 0.0 0.0 0.0 0.55
41 21 1 0.0 0.0 0.0 -0.55
42 21 1 0.0 0.0 0.0 0.55
43 22 1 0.0 0.0 0.0 -0.55
44 22 1 0.0 0.0 0.0 0.55
45 23 1 0.0 0.0 0.0 -0.55
46 23 1 0.0 0.0 0.0 0.55
47 24 1 0.0 0.0 0.0 -0.55
48 24 1 0.0 0.0 0.0 0.55
49 25 1 0.0 0.0 0.0 -0.55
50 25 1 0.0 0.0 0.0 0.55
51 26 1 0.0 0.0 0.0 -0.55
52 26 1 0.0 0.0 0.0 0.55
53 27 1 0.0 0.0 0.0 -0.55
54 27 1 0.0 0.0 0.0 0.55
55 28 1 0.0 0.0 0.0 -0.55
56 28 1 0.0 0.0 0.0 0.55
57 29 1 0.0 0.0 0.0 -0.55
58 29 1 0.0 0.0 0.0 0.55
59 30 1 0.0 0.0 0.0 -0.55
60 30 1 0.0 0.0 0.0 0.55
61 31 1 0.0 0.0 0.0 -0.55
62 31 1 0.0 0.0 0.0 0.55
63 32 1 0.0 0.0 0.0 -0.55
64 32 1 0.0 0.0 0.0 0.55
65 33 1 0.0 0.0 0.0 -0.55
66 33 1 0.0 0.0 0.0 0.55
67 34 1 0.0 0.0 0.0 -0.55
68 34 1 0.0 0.0 0.0 0.55
69 35 1 0.0 0.0 0.0 -0.55
70 35 1 0.0 0.0 0.0 0.55
71 36 1 0.0 0.0 0.0 -0.55
72 36 1 0.0 0.0 0.0 0.55
73 37 1 0.0 0.0 0.0 -0.55
74 37 1 0.0 0.0 0.0 0.55
75 38 1 0.0 0.0 0.0 -0.55
76 38 1 0.0 0.0 0.0 0.55
77 39 1 0.0 0.0 0.0 -0.55
78 39 1 0.0 0.0 0.0 0.55
79 40 1 0.0 0.0 0.0 -0.55
80 40 1 0.0 0.0 0.0 0.55
81 41 1 0.0 0.0 0.0 -0.55
82 41 1 0.0 0.0 0.0 0.55
83 42 1 0.0 0.0 0.0 -0.55
84 42 1 0.0 0.0 0.0 0.55
85 43 1 0.0 0.0 0.0 -0.55
86 43 1 0.0 0.0 0.0 0.55
87 44 1 0.0 0.0 0.0 -0.55
88 44 1 0.0 0.0 0.0 0.55
89 45 1 0.0 0.0 0.0 -0.55
90 45 1 0.0 0.0 0.0 0.55
91 46 1 0.0 0.0 0.0 -0.55
92 46 1 0.0 0.0 0.0 0.55
93 47 1 0.0 0.0 0.0 -0.55
94 47 1 0.0 0.0 0.0 0.55
95 48 1 0.0 0.0 0.0 -0.55
96 48 1 0.0 0.0 0.0 0.55
97 49 1 0.0 0.0 0.0 -0.55
98 49 1 0.0 0.0 0.0 0.55
99 50 1 0.0 0.0 0.0 -0.55
100 50 1 0.0 0.0 0.0 0.55
101 51 1 0.0 0.0 0.0 -0.55
102 51 1 0.0 0.0 0.0 0.55
103 52 1 0.0 0.0 0.0 -0.55
104 52 1 0.0 0.0 0.0 0.55
105 53 1 0.0 0.0 0.0 -0.55
106 53 1 0.0 0.0 0.0 0.55
107 54 1 0.0 0.0 0.0 -0.55
108 54 1 0.0 0.0 0.0 0.55
109 55 1 0.0 0.0 0.0 -0.55
110 55 1 0.0 0.0 0.0 0.55
111 56 1 0.0 0.0 0.0 -0.55
112 56 1 0.0 0.0 0.0 0.55
113 57 1 0.0 0.0 0.0 -0.55
114 57 1 0.0 0.0 0.0 0.55
115 58 1 0.0 0.0 0.0 -0.55
116 58 1 0.0 0.0 0.0 0.55
117 59 1 0.0 0.0 0.0 -0.55
118 59 1 0.0 0.0 0.0 0.55
119 60 1 0.0 0.0 0.0 -0.55
120 60 1 0.0 0.0 0.0 0.55
121 61 1 0.0 0.0 0.0 -0.55
122 61 1 0.0 0.0 0.0 0.55
123 62 1 0.0 0.0 0.0 -0.55
124 62 1 0.0 0.0 0.0 0.55
125 63 1 0.0 0.0 0.0 -0.55
126 63 1 0.0 0.0 0.0 0.55
127 64 1 0.0 0.0 0.0 -0.55
128 64 1 0.0 0.0 0.0 0.55
129 65 1 0.0 0.0 0.0 -0.55
130 65 1 0.0 0.0 0.0 0.55
131 66 1 0.0 0.0 0.0 -0.55
132 66 1 0.0 0.0 0.0 0.55
133 67 1 0.0 0.0 0.0 -0.55
134 67 1 0.0 0.0 0.0 0.55
135 68 1 0.0 0.0 0.0 -0.55
136 68 1 0.0 0.0 0.0 0.55
137 69 1 0.0 0.0 0.0 -0.55
138 69 1 0.0 0.0 0.0 0.55
139 70 1 0.0 0.0 0.0 -0.55
140 70 1 0.0 0.0 0.0 0.55
141 71 1 0.0 0.0 0.0 -0.55
142 71 1 0.0 0.0 0.0 0.55
143 72 1 0.0 0.0 0.0 -0.55
144 72 1 0.0 0.0 0.0 0.55
145 73 1 0.0 0.0 0.0 -0.55
146 73 1 0.0 0.0 0.0 0.55
147 74 1 0.0 0.0 0.0 -0.55
148 74 1 0.0 0.0 0.0 0.55
149 75 1 0.0 0.0 0.0 -0.55
150 75 1 0.0 0.0 0.0 0.55
151 76 1 0.0 0.0 0.0 -0.55
152 76 1 0.0 0.0 0.0 0.55
153 77 1 0.0 0.0 0.0 -0.55
154 77 1 0.0 0.0 0.0 0.55
155 78 1 0.0 0.0 0.0 -0.55
156 78 1 0.0 0.0 0.0 0.55
157 79 1 0.0 0.0 0.0 -0.55
158 79 1 0.0 0.0 0.0 0.55
159 80 1 0.0 0.0 0.0 -0.55
160 80 1 0.0 0.0 0.0 0.55
161 81 1 0.0 0.0 0.0 -0.55
162 81 1 0.0 0.0 0.0 0.55
163 82 1 0.0 0.0 0.0 -0.55
164 82 1 0.0 0.0 0.0 0.55
165 83 1 0.0 0.0 0.0 -0.55
166 83 1 0.0 0.0 0.0 0.55
167 84 1 0.0 0.0 0.0 -0.55
168 84 1 0.0 0.0 0.0 0.55
169 85 1 0.0 0.0 0.0 -0.55
170 85 1 0.0 0.0 0.0 0.55
171 86 1 0.0 0.0 0.0 -0.55
172 86 1 0.0 0.0 0.0 0.55
173 87 1 0.0 0.0 0.0 -0.55
174 87 1 0.0 0.0 0.0 0.55
175 88 1 0.0 0.0 0.0 -0.55
176 88 1 0.0 0.0 0.0 0.55
177 89 1 0.0 0.0 0.0 -0.55
178 89 1 0.0 0.0 0.0 0.55
179 90 1 0.0 0.0 0.0 -0.55
180 90 1 0.0 0.0 0.0 0.55
181 91 1 0.0 0.0 0.0 -0.55
182 91 1 0.0 0.0 0.0 0.55
183 92 1 0.0 0.0 0.0 -0.55
184 92 1 0.0 0.0 0.0 0.55
185 93 1 0.0 0.0 0.0 -0.55
186 93 1 0.0 0.0 0.0 0.55
187 94 1 0.0 0.0 0.0 -0.55
188 94 1 0.0 0.0 0.0 0.55
189 95 1 0.0 0.0 0.0 -0.55
190 95 1 0.0 0.0 0.0 0.55
191 96 1 0.0 0.0 0.0 -0.55
192 96 1 0.0 0.0 0.0 0.55
193 97 1 0.0 0.0 0.0 -0.55
194 97 1 0.0 0.0 0.0 0.55
195 98 1 0.0 0.0 0.0 -0.55
196 98 1 0.0 0.0 0.0 0.55
197 99 1 0.0 0.0 0.0 -0.55
198 99 1 0.0 0.0 0.0 0.55
199 100 1 0.0 0.0 0.0 -0.55
200 100 1 0.0 0.0 0.0 0.55
201 101 1 0.0 0.0 0.0 -0.55
202 101 1 0.0 0.0 0.0 0.55
203 102 1 0.0 0.0 0.0 -0.55
204 102 1 0.0 0.0 0.0 0.55
205 103 1 0.0 0.0 0.0 -0.55
206 103 1 0.0 0.0 0.0 0.55
207 104 1 0.0 0.0 0.0 -0.55
208 104 1 0.0 0.0 0.0 0.55
209 105 1 0.0 0.0 0.0 -0.55
210 105 1 0.0 0.0 0.0 0.55
211 106 1 0.0 0.0 0.0 -0.55
212 106 1 0.0 0.0 0.0 0.55
213 107 1 0.0 0.0 0.0 -0.55
214 107 1 0.0 0.0 0.0 0.55
215 108 1 0.0 0.0 0.0 -0.55
216 108 1 0.0 0.0 0.0 0.55
217 109 1 0.0 0.0 0.0 -0.55
218 109 1 0.0 0.0 0.0 0.55
219 110 1 0.0 0.0 0.0 -0.55
220 110 1 0.0 0.0 0.0 0.55
221 111 1 0.0 0.0 0.0 -0.55
222 111 1 0.0 0.0 0.0 0.55
223 112 1 0.0 0.0 0.0 -0.55
224 112 1 0.0 0.0 0.0 0.55
225 113 1 0.0 0.0 0.0 -0.55
226 113 1 0.0 0.0 0.0 0.55
227 114 1 0.0 0.0 0.0 -0.55
228 114 1 0.0 0.0 0.0 0.55
229 115 1 0.0 0.0 0.0 -0.55
230 115 1 0.0 0.0 0.0 0.55
231 116 1 0.0 0.0 0.0 -0.55
232 116 1 0.0 0.0 0.0 0.55
233 117 1 0.0 0.0 0.0 -0.55
234 117 1 0.0 0.0 0.0 0.55
235 118 1 0.0 0.0 0.0 -0.55
236 118 1 0.0 0.0 0.0 0.55
237 119 1 0.0 0.0 0.0 -0.55
238 119 1 0.0 0.0 0.0 0.55
239 120 1 0.0 0.0 0.0 -0.55
240 120 1 0.0 0.0 0.0 0.55
241 121 1 0.0 0.0 0.0 -0.55
242 121 1 0.0 0.0 0.0 0.55
243 122 1 0.0 0.0 0.0 -0.55
244 122 1 0.0 0.0 0.0 0.55
245 123 1 0.0 0.0 0.0 -0.55
246 123 1 0.0 0.0 0.0 0.55
247 124 1 0.0 0.0 0.0 -0.55
248 124 1 0.0 0.0 0.0 0.55
249 125 1 0.0 0.0 0.0 -0.55
250 125 1 0.0 0.0 0.0 0.55
251 126 1 0.0 0.0 0.0 -0.55
252 126 1 0.0 0.0 0.0 0.55
253 127 1 0.0 0.0 0.0 -0.55
254 127 1 0.0 0.0 0.0 0.55
255 128 1 0.0 0.0 0.0 -0.55
256 128 1 0.0 0.0 0.0 0.55
257 129 1 0.0 0.0 0.0 -0.55
258 129 1 0.0 0.0 0.0 0.55
259 130 1 0.0 0.0 0.0 -0.55
260 130 1 0.0 0.0 0.0 0.55
261 131 1 0.0 0.0 0.0 -0.55
262 131 1 0.0 0.0 0.0 0.55
263 132 1 0.0 0.0 0.0 -0.55
264 132 1 0.0 0.0 0.0 0.55
265 133 1 0.0 0.0 0.0 -0.55
266 133 1 0.0 0.0 0.0 0.55
267 134 1 0.0 0.0 0.0 -0.55
268 134 1 0.0 0.0 0.0 0.55
269 135 1 0.0 0.0 0.0 -0.55
270 135 1 0.0 0.0 0.0 0.55
271 136 1 0.0 0.0 0.0 -0.55
272 136 1 0.0 0.0 0.0 0.55
273 137 1 0.0 0.0 0.0 -0.55
274 137 1 0.0 0.0 0.0 0.55
275 138 1 0.0 0.0 0.0 -0.55
276 138 1 0.0 0.0 0.0 0.55
277 139 1 0.0 0.0 0.0 -0.55
278 139 1 0.0 0.0 0.0 0.55
279 140 1 0.0 0.0 0.0 -0.55
280 140 1 0.0 0.0 0.0 0.55
281 141 1 0.0 0.0 0.0 -0.55
282 141 1 0.0 0.0 0.0 0.55
283 142 1 0.0 0.0 0.0 -0.55
284 142 1 0.0 0.0 0.0 0.55
285 143 1 0.0 0.0 0.0 -0.55
286 143 1 0.0 0.0 0.0 0.55
287 144 1 0.0 0.0 0.0 -0.55
288 144 1 0.0 0.0 0.0 0.55
289 145 1 0.0 0.0 0.0 -0.55
290 145 1 0.0 0.0 0.0 0.55
291 146 1 0.0 0.0 0.0 -0.55
292 146 1 0.0 0.0 0.0 0.55
293 147 1 0.0 0.0 0.0 -0.55
294 147 1 0.0 0.0 0.0 0.55
295 148 1 0.0 0.0 0.0 -0.55
296 148 1 0.0 0.0 0.0 0.55
297 149 1 0.0 0.0 0.0 -0.55
298 149 1 0.0 0.0 0.0 0.55
299 150 1 0.0 0.0 0.0 -0.55
300 150 1 0.0 0.0 0.0 0.55
301 151 1 0.0 0.0 0.0 -0.55
302 151 1 0.0 0.0 0.0 0.55
303 152 1 0.0 0.0 0.0 -0.55
304 152 1 0.0 0.0 0.0 0.55
305 153 1 0.0 0.0 0.0 -0.55
306 153 1 0.0 0.0 0.0 0.55
307 154 1 0.0 0.0 0.0 -0.55
308 154 1 0.0 0.0 0.0 0.55
309 155 1 0.0 0.0 0.0 -0.55
310 155 1 0.0 0.0 0.0 0.55
311 156 1 0.0 0.0 0.0 -0.55
312 156 1 0.0 0.0 0.0 0.55
313 157 1 0.0 0.0 0.0 -0.55
314 157 1 0.0 0.0 0.0 0.55
315 158 1 0.0 0.0 0.0 -0.55
316 158 1 0.0 0.0 0.0 0.55
317 159 1 0.0 0.0 0.0 -0.55
318 159 1 0.0 0.0 0.0 0.55
319 160 1 0.0 0.0 0.0 -0.55
320 160 1 0.0 0.0 0.0 0.55
321 161 1 0.0 0.0 0.0 -0.55
322 161 1 0.0 0.0 0.0 0.55
323 162 1 0.0 0.0 0.0 -0.55
324 162 1 0.0 0.0 0.0 0.55
325 163 1 0.0 0.0 0.0 -0.55
326 163 1 0.0 0.0 0.0 0.55
327 164 1 0.0 0.0 0.0 -0.55
328 164 1 0.0 0.0 0.0 0.55
329 165 1 0.0 0.0 0.0 -0.55
330 165 1 0.0 0.0 0.0 0.55
331 166 1 0.0 0.0 0.0 -0.55
332 166 1 0.0 0.0 0.0 0.55
333 167 1 0.0 0.0 0.0 -0.55
334 167 1 0.0 0.0 0.0 0.55
335 168 1 0.0 0.0 0.0 -0.55
336 168 1 0.0 0.0 0.0 0.55
337 169 1 0.0 0.0 0.0 -0.55
338 169 1 0.0 0.0 0.0 0.55
339 170 1 0.0 0.0 0.0 -0.55
340 170 1 0.0 0.0 0.0 0.55
341 171 1 0.0 0.0 0.0 -0.55
342 171 1 0.0 0.0 0.0 0.55
343 172 1 0.0 0.0 0.0 -0.55
344 172 1 0.0 0.0 0.0 0.55
345 173 1 0.0 0.0 0.0 -0.55
346 173 1 0.0 0.0 0.0 0.55
347 174 1 0.0 0.0 0.0 -0.55
348 174 1 0.0 0.0 0.0 0.55
349 175 1 0.0 0.0 0.0 -0.55
350 175 1 0.0 0.0 0.0 0.55
351 176 1 0.0 0.0 0.0 -0.55
352 176 1 0.0 0.0 0.0 0.55
353 177 1 0.0 0.0 0.0 -0.55
354 177 1 0.0 0.0 0.0 0.55
355 178 1 0.0 0.0 0.0 -0.55
356 178 1 0.0 0.0 0.0 0.55
357 179 1 0.0 0.0 0.0 -0.55
358 179 1 0.0 0.0 0.0 0.55
359 180 1 0.0 0.0 0.0 -0.55
360 180 1 0.0 0.0 0.0 0.55
361 181 1 0.0 0.0 0.0 -0.55
362 181 1 0.0 0.0 0.0 0.55
363 182 1 0.0 0.0 0.0 -0.55
364 182 1 0.0 0.0 0.0 0.55
365 183 1 0.0 0.0 0.0 -0.55
366 183 1 0.0 0.0 0.0 0.55
367 184 1 0.0 0.0 0.0 -0.55
368 184 1 0.0 0.0 0.0 0.55
369 185 1 0.0 0.0 0.0 -0.55
370 185 1 0.0 0.0 0.0 0.55
371 186 1 0.0 0.0 0.0 -0.55
372 186 1 0.0 0.0 0.0 0.55
373 187 1 0.0 0.0 0.0 -0.55
374 187 1 0.0 0.0 0.0 0.55
375 188 1 0.0 0.0 0.0 -0.55
376 188 1 0.0 0.0 0.0 0.55
377 189 1 0.0 0.0 0.0 -0.55
378 189 1 0.0 0.0 0.0 0.55
379 190 1 0.0 0.0 0.0 -0.55
380 190 1 0.0 0.0 0.0 0.55
381 191 1 0.0 0.0 0.0 -0.55
382 191 1 0.0 0.0 0.0 0.55
383 192 1 0.0 0.0 0.0 -0.55
384 192 1 0.0 0.0 0.0 0.55
385 193 1 0.0 0.0 0.0 -0.55
386 193 1 0.0 0.0 0.0 0.55
387 194 1 0.0 0.0 0.0 -0.55
388 194 1 0.0 0.0 0.0 0.55
389 195 1 0.0 0.0 0.0 -0.55
390 195 1 0.0 0.0 0.0 0.55
391 196 1 0.0 0.0 0.0 -0.55
392 196 1 0.0 0.0 0.0 0.55
393 197 1 0.0 0.0 0.0 -0.55
394 197 1 0.0 0.0 0.0 0.55
395 198 1 0.0 0.0 0.0 -0.55
396 198 1 0.0 0.0 0.0 0.55
397 199 1 0.0 0.0 0.0 -0.55
398 199 1 0.0 0.0 0.0 0.55
399 200 1 0.0 0.0 0.0 -0.55
400 200 1 0.0 0.0 0.0 0.55
401 201 1 0.0 0.0 0.0 -0.55
402 201 1 0.0 0.0 0.0 0.55
403 202 1 0.0 0.0 0.0 -0.55
404 202 1 0.0 0.0 0.0 0.55
405 203 1 0.0 0.0 0.0 -0.55
406 203 1 0.0 0.0 0.0 0.55
407 204 1 0.0 0.0 0.0 -0.55
408 204 1 0.0 0.0 0.0 0.55
409 205 1 0.0 0.0 0.0 -0.55
410 205 1 0.0 0.0 0.0 0.55
411 206 1 0.0 0.0 0.0 -0.55
412 206 1 0.0 0.0 0.0 0.55
413 207 1 0.0 0.0 0.0 -0.55
414 207 1 0.0 0.0 0.0 0.55
415 208 1 0.0 0.0 0.0 -0.55
416 208 1 0.0 0.0 0.0 0.55
417 209 1 0.0 0.0 0.0 -0.55
418 209 1 0.0 0.0 0.0 0.55
419 210 1 0.0 0.0 0.0 -0.55
420 210 1 0.0 0.0 0.0 0.55
421 211 1 0.0 0.0 0.0 -0.55
422 211 1 0.0 0.0 0.0 0.55
423 212 1 0.0 0.0 0.0 -0.55
424 212 1 0.0 0.0 0.0 0.55
425 213 1 0.0 0.0 0.0 -0.55
426 213 1 0.0 0.0 0.0 0.55
427 214 1 0.0 0.0 0.0 -0.55
428 214 1 0.0 0.0 0.0 0.55
429 215 1 0.0 0.0 0.0 -0.55
430 215 1 0.0 0.0 0.0 0.55
431 216 1 0.0 0.0 0.0 -0.55
432 216 1 0.0 0.0 0.0 0.55
433 217 1 0.0 0.0 0.0 -0.55
434 217 1 0.0 0.0 0.0 0.55
435 218 1 0.0 0.0 0.0 -0.55
436 218 1 0.0 0.0 0.0 0.55
437 219 1 0.0 0.0 0.0 -0.55
438 219 1 0.0 0.0 0.0 0.55
439 220 1 0.0 0.0 0.0 -0.55
440 220 1 0.0 0.0 0.0 0.55
441 221 1 0.0 0.0 0.0 -0.55
442 221 1 0.0 0.0 0.0 0.55
443 222 1 0.0 0.0 0.0 -0.55
444 222 1 0.0 0.0 0.0 0.55
445 223 1 0.0 0.0 0.0 -0.55
446 223 1 0.0 0.0 0.0 0.55
447 224 1 0.0 0.0 0.0 -0.55
448 224 1 0.0 0.0 0.0 0.55
449 225 1 0.0 0.0 0.0 -0.55
450 225 1 0.0 0.0 0.0 0.55
451 226 1 0.0 0.0 0.0 -0.55
452 226 1 0.0 0.0 0.0 0.55
453 227 1 0.0 0.0 0.0 -0.55
454 227 1 0.0 0.0 0.0 0.55
455 228 1 0.0 0.0 0.0 -0.55
456 228 1 0.0 0.0 0.0 0.55
457 229 1 0.0 0.0 0.0 -0.55
458 229 1 0.0 0.0 0.0 0.55
459 230 1 0.0 0.0 0.0 -0.55
460 230 1 0.0 0.0 0.0 0.55
461 231 1 0.0 0.0 0.0 -0.55
462 231 1 0.0 0.0 0.0 0.55
463 232 1 0.0 0.0 0.0 -0.55
464 232 1 0.0 0.0 0.0 0.55
465 233 1 0.0 0.0 0.0 -0.55
466 233 1 0.0 0.0 0.0 0.55
467 234 1 0.0 0.0 0.0 -0.55
468 234 1 0.0 0.0 0.0 0.55
469 235 1 0.0 0.0 0.0 -0.55
470 235 1 0.0 0.0 0.0 0.55
471 236 1 0.0 0.0 0.0 -0.55
472 236 1 0.0 0.0 0.0 0.55
473 237 1 0.0 0.0 0.0 -0.55
474 237 1 0.0 0.0 0.0 0.55
475 238 1 0.0 0.0 0.0 -0.55
476 238 1 0.0 0.0 0.0 0.55
477 239 1 0.0 0.0 0.0 -0.55
478 239 1 0.0 0.0 0.0 0.55
479 240 1 0.0 0.0 0.0 -0.55
480 240 1 0.0 0.0 0.0 0.55
481 241 1 0.0 0.0 0.0 -0.55
482 241 1 0.0 0.0 0.0 0.55
483 242 1 0.0 0.0 0.0 -0.55
484 242 1 0.0 0.0 0.0 0.55
485 243 1 0.0 0.0 0.0 -0.55
486 243 1 0.0 0.0 0.0 0.55
487 244 1 0.0 0.0 0.0 -0.55
488 244 1 0.0 0.0 0.0 0.55
489 245 1 0.0 0.0 0.0 -0.55
490 245 1 0.0 0.0 0.0 0.55
491 246 1 0.0 0.0 0.0 -0.55
492 246 1 0.0 0.0 0.0 0.55
493 247 1 0.0 0.0 0.0 -0.55
494 247 1 0.0 0.0 0.0 0.55
495 248 1 0.0 0.0 0.0 -0.55
496 248 1 0.0 0.0 0.0 0.55
497 249 1 0.0 0.0 0.0 -0.55
498 249 1 0.0 0.0 0.0 0.55
499 250 1 0.0 0.0 0.0 -0.55
500 250 1 0.0 0.0 0.0 0.55
501 251 1 0.0 0.0 0.0 -0.55
502 251 1 0.0 0.0 0.0 0.55
503 252 1 0.0 0.0 0.0 -0.55
504 252 1 0.0 0.0 0.0 0.55
505 253 1 0.0 0.0 0.0 -0.55
506 253 1 0.0 0.0 0.0 0.55
507 254 1 0.0 0.0 0.0 -0.55
508 254 1 0.0 0.0 0.0 0.55
509 255 1 0.0 0.0 0.0 -0.55
510 255 1 0.0 0.0 0.0 0.55
511 256 1 0.0 0.0 0.0 -0.55
512 256 1 0.0 0.0 0.0 0.55
513 257 1 0.0 0.0 0.0 -0.55
514 257 1 0.0 0.0 0.0 0.55
515 258 1 0.0 0.0 0.0 -0.55
516 258 1 0.0 0.0 0.0 0.55
517 259 1 0.0 0.0 0.0 -0.55
518 259 1 0.0 0.0 0.0 0.55
519 260 1 0.0 0.0 0.0 -0.55
520 260 1 0.0 0.0 0.0 0.55
521 261 1 0.0 0.0 0.0 -0.55
522 261 1 0.0 0.0 0.0 0.55
523 262 1 0.0 0.0 0.0 -0.55
524 262 1 0.0 0.0 0.0 0.55
525 263 1 0.0 0.0 0.0 -0.55
526 263 1 0.0 0.0 0.0 0.55
527 264 1 0.0 0.0 0.0 -0.55
528 264 1 0.0 0.0 0.0 0.55
529 265 1 0.0 0.0 0.0 -0.55
530 265 1 0.0 0.0 0.0 0.55
531 266 1 0.0 0.0 0.0 -0.55
532 266 1 0.0 0.0 0.0 0.55
533 267 1 0.0 0.0 0.0 -0.55
534 267 1 0.0 0.0 0.0 0.55
535 268 1 0.0 0.0 0.0 -0.55
536 268 1 0.0 0.0 0.0 0.55
537 269 1 0.0 0.0 0.0 -0.55
538 269 1 0.0 0.0 0.0 0.55
539 270 1 0.0 0.0 0.0 -0.55
540 270 1 0.0 0.0 0.0 0.55
541 271 1 0.0 0.0 0.0 -0.55
542 271 1 0.0 0.0 0.0 0.55
543 272 1 0.0 0.0 0.0 -0.55
544 272 1 0.0 0.0 0.0 0.55
545 273 1 0.0 0.0 0.0 -0.55
546 273 1 0.0 0.0 0.0 0.55
547 274 1 0.0 0.0 0.0 -0.55
548 274 1 0.0 0.0 0.0 0.55
549 275 1 0.0 0.0 0.0 -0.55
550 275 1 0.0 0.0 0.0 0.55
551 276 1 0.0 0.0 0.0 -0.55
552 276 1 0.0 0.0 0.0 0.55
553 277 1 0.0 0.0 0.0 -0.55
554 277 1 0.0 0.0 0.0 0.55
555 278 1 0.0 0.0 0.0 -0.55
556 278 1 0.0 0.0 0.0 0.55
557 279 1 0.0 0.0 0.0 -0.55
558 279 1 0.0 0.0 0.0 0.55
559 280 1 0.0 0.0 0.0 -0.55
560 280 1 0.0 0.0 0.0 0.55
561 281 1 0.0 0.0 0.0 -0.55
562 281 1 0.0 0.0 0.0 0.55
563 282 1 0.0 0.0 0.0 -0.55
564 282 1 0.0 0.0 0.0 0.55
565 283 1 0.0 0.0 0.0 -0.55
566 283 1 0.0 0.0 0.0 0.55
567 284 1 0.0 0.0 0.0 -0.55
568 284 1 0.0 0.0 0.0 0.55
569 285 1 0.0 0.0 0.0 -0.55
570 285 1 0.0 0.0 0.0 0.55
571 286 1 0.0 0.0 0.0 -0.55
572 286 1 0.0 0.0 0.0 0.55
573 287 1 0.0 0.0 0.0 -0.55
574 287 1 0.0 0.0 0.0 0.55
575 288 1 0.0 0.0 0.0 -0.55
576 288 1 0.0 0.0 0.0 0.55
577 289 1 0.0 0.0 0.0 -0.55
578 289 1 0.0 0.0 0.0 0.55
579 290 1 0.0 0.0 0.0 -0.55
580 290 1 0.0 0.0 0.0 0.55
581 291 1 0.0 0.0 0.0 -0.55
582 291 1 0.0 0.0 0.0 0.55
583 292 1 0.0 0.0 0.0 -0.55
584 292 1 0.0 0.0 0.0 0.55
585 293 1 0.0 0.0 0.0 -0.55
586 293 1 0.0 0.0 0.0 0.55
587 294 1 0.0 0.0 0.0 -0.55
588 294 1 0.0 0.0 0.0 0.55
589 295 1 0.0 0.0 0.0 -0.55
590 295 1 0.0 0.0 0.0 0.55
591 296 1 0.0 0.0 0.0 -0.55
592 296 1 0.0 0.0 0.0 0.55
593 297 1 0.0 0.0 0.0 -0.55
594 297 1 0.0 0.0 0.0 0.55
595 298 1 0.0 0.0 0.0 -0.55
596 298 1 0.0 0.0 0.0 0.55
597 299 1 0.0 0.0 0.0 -0.55
598 299 1 0.0 0.0 0.0 0.55
599 300 1 0.0 0.0 0.0 -0.55
600 300 1 0.0 0.0 0.0 0.55
601 301 1 0.0 0.0 0.0 -0.55
602 301 1 0.0 0.0 0.0 0.55
603 302 1 0.0 0.0 0.0 -0.55
604 302 1 0.0 0.0 0.0 0.55
605 303 1 0.0 0.0 0.0 -0.55
606 303 1 0.0 0.0 0.0 0.55
607 304 1 0.0 0.0 0.0 -0.55
608 304 1 0.0 0.0 0.0 0.55
609 305 1 0.0 0.0 0.0 -0.55
610 305 1 0.0 0.0 0.0 0.55
611 306 1 0.0 0.0 0.0 -0.55
612 306 1 0.0 0.0 0.0 0.55
613 307 1 0.0 0.0 0.0 -0.55
614 307 1 0.0 0.0 0.0 0.55
615 308 1 0.0 0.0 0.0 -0.55
616 308 1 0.0 0.0 0.0 0.55
617 309 1 0.0 0.0 0.0 -0.55
618 309 1 0.0 0.0 0.0 0.55
619 310 1 0.0 0.0 0.0 -0.55
620 310 1 0.0 0.0 0.0 0.55
621 311 1 0.0 0.0 0.0 -0.55
622 311 1 0.0 0.0 0.0 0.55
623 312 1 0.0 0.0 0.0 -0.55
624 312 1 0.0 0.0 0.0 0.55
625 313 1 0.0 0.0 0.0 -0.55
626 313 1 0.0 0.0 0.0 0.55
627 314 1 0.0 0.0 0.0 -0.55
628 314 1 0.0 0.0 0.0 0.55
629 315 1 0.0 0.0 0.0 -0.55
630 315 1 0.0 0.0 0.0 0.55
631 316 1 0.0 0.0 0.0 -0.55
632 316 1 0.0 0.0 0.0 0.55
633 317 1 0.0 0.0 0.0 -0.55
634 317 1 0.0 0.0 0.0 0.55
635 318 1 0.0 0.0 0.0 -0.55
636 318 1 0.0 0.0 0.0 0.55
637 319 1 0.0 0.0 0.0 -0.55
638 319 1 0.0 0.0 0.0 0.55
639 320 1 0.0 0.0 0.0 -0.55
640 320 1 0.0 0.0 0.0 0.55
641 321 1 0.0 0.0 0.0 -0.55
642 321 1 0.0 0.0 0.0 0.55
643 322 1 0.0 0.0 0.0 -0.55
644 322 1 0.0 0.0 0.0 0.55
645 323 1 0.0 0.0 0.0 -0.55
646 323 1 0.0 0.0 0.0 0.55
647 324 1 0.0 0.0 0.0 -0.55
648 324 1 0.0 0.0 0.0 0.55
649 325 1 0.0 0.0 0.0 -0.55
650 325 1 0.0 0.0 0.0 0.55
651 326 1 0.0 0.0 0.0 -0.55
652 326 1 0.0 0.0 0.0 0.55
653 327 1 0.0 0.0 0.0 -0.55
654 327 1 0.0 0.0 0.0 0.55
655 328 1 0.0 0.0 0.0 -0.55
656 328 1 0.0 0.0 0.0 0.55
657 329 1 0.0 0.0 0.0 -0.55
658 329 1 0.0 0.0 0.0 0.55
659 330 1 0.0 0.0 0.0 -0.55
660 330 1 0.0 0.0 0.0 0.55
661 331 1 0.0 0.0 0.0 -0.55
662 331 1 0.0 0.0 0.0 0.55
663 332 1 0.0 0.0 0.0 -0.55
664 332 1 0.0 0.0 0.0 0.55
665 333 1 0.0 0.0 0.0 -0.55
666 333 1 0.0 0.0 0.0 0.55
667 334 1 0.0 0.0 0.0 -0.55
668 334 1 0.0 0.0 0.0 0.55
669 335 1 0.0 0.0 0.0 -0.55
670 335 1 0.0 0.0 0.0 0.55
671 336 1 0.0 0.0 0.0 -0.55
672 336 1 0.0 0.0 0.0 0.55
673 337 1 0.0 0.0 0.0 -0.55
674 337 1 0.0 0.0 0.0 0.55
675 338 1 0.0 0.0 0.0 -0.55
676 338 1 0.0 0.0 0.0 0.55
677 339 1 0.0 0.0 0.0 -0.55
678 339 1 0.0 0.0 0.0 0.55
679 340 1 0.0 0.0 0.0 -0.55
680 340 1 0.0 0.0 0.0 0.55
681 341 1 0.0 0.0 0.0 -0.55
682 341 1 0.0 0.0 0.0 0.55
683 342 1 0.0 0.0 0.0 -0.55
684 342 1 0.0 0.0 0.0 0.55
685 343 1 0.0 0.0 0.0 -0.55
686 343 1 0.0 0.0 0.0 0.55
687 344 1 0.0 0.0 0.0 -0.55
688 344 1 0.0 0.0 0.0 0.55
689 345 1 0.0 0.0 0.0 -0.55
690 345 1 0.0 0.0 0.0 0.55
691 346 1 0.0 0.0 0.0 -0.55
692 346 1 0.0 0.0 0.0 0.55
693 347 1 0.0 0.0 0.0 -0.55
694 347 1 0.0 0.0 0.0 0.55
695 348 1 0.0 0.0 0.0 -0.55
696 348 1 0.0 0.0 0.0 0.55
697 349 1 0.0 0.0 0.0 -0.55
698 349 1 0.0 0.0 0.0 0.55
699 350 1 0.0 0.0 0.0 -0.55
700 350 1 0.0 0.0 0.0 0.55
701 351 1 0.0 0.0 0.0 -0.55
702 351 1 0.0 0.0 0.0 0.55
703 352 1 0.0 0.0 0.0 -0.55
704 352 1 0.0 0.0 0.0 0.55
705 353 1 0.0 0.0 0.0 -0.55
706 353 1 0.0 0.0 0.0 0.55
707 354 1 0.0 0.0 0.0 -0.55
708 354 1 0.0 0.0 0.0 0.55
709 355 1 0.0 0.0 0.0 -0.55
710 355 1 0.0 0.0 0.0 0.55
711 356 1 0.0 0.0 0.0 -0.55
712 356 1 0.0 0.0 0.0 0.55
713 357 1 0.0 0.0 0.0 -0.55
714 357 1 0.0 0.0 0.0 0.55
715 358 1 0.0 0.0 0.0 -0.55
716 358 1 0.0 0.0 0.0 0.55
717 359 1 0.0 0.0 0.0 -0.55
718 359 1 0.0 0.0 0.0 0.55
719 360 1 0.0 0.0 0.0 -0.55
720 360 1 0.0 0.0 0.0 0.55
721 361 1 0.0 0.0 0.0 -0.55
722 361 1 0.0 0.0 0.0 0.55
723 362 1 0.0 0.0 0.0 -0.55
724 362 1 0.0 0.0 0.0 0.55
725 363 1 0.0 0.0 0.0 -0.55
726 363 1 0.0 0.0 0.0 0.55
727 364 1 0.0 0.0 0.0 -0.55
728 364 1 0.0 0.0 0.0 0.55
729 365 1 0.0 0.0 0.0 -0.55
730 365 1 0.0 0.0 0.0 0.55
731 366 1 0.0 0.0 0.0 -0.55
732 366 1 0.0 0.0 0.0 0.55
733 367 1 0.0 0.0 0.0 -0.55
734 367 1 0.0 0.0 0.0 0.55
735 368 1 0.0 0.0 0.0 -0.55
736 368 1 0.0 0.0 0.0 0.55
737 369 1 0.0 0.0 0.0 -0.55
738 369 1 0.0 0.0 0.0 0.55
739 370 1 0.0 0.0 0.0 -0.55
740 370 1 0.0 0.0 0.0 0.55
741 371 1 0.0 0.0 0.0 -0.55
742 371 1 0.0 0.0 0.0 0.55
743 372 1 0.0 0.0 0.0 -0.55
744 372 1 0.0 0.0 0.0 0.55
745 373 1 0.0 0.0 0.0 -0.55
746 373 1 0.0 0.0 0.0 0.55
747 374 1 0.0 0.0 0.0 -0.55
748 374 1 0.0 0.0 0.0 0.55
749 375 1 0.0 0.0 0.0 -0.55
750 375 1 0.0 0.0 0.0 0.55
751 376 1 0.0 0.0 0.0 -0.55
752 376 1 0.0 0.0 0.0 0.55
753 377 1 0.0 0.0 0.0 -0.55
754 377 1 0.0 0.0 0.0 0.55
755 378 1 0.0 0.0 0.0 -0.55
756 378 1 0.0 0.0 0.0 0.55
757 379 1 0.0 0.0 0.0 -0.55
758 379 1 0.0 0.0 0.0 0.55
759 380 1 0.0 0.0 0.0 -0.55
760 380 1 0.0 0.0 0.0 0.55
761 381 1 0.0 0.0 0.0 -0.55
762 381 1 0.0 0.0 0.0 0.55
763 382 1 0.0 0.0 0.0 -0.55
764 382 1 0.0 0.0 0.0 0.55
765 383 1 0.0 0.0 0.0 -0.55
766 383 1 0.0 0.0 0.0 0.55
767 384 1 0.0 0.0 0.0 -0.55
768 384 1 0.0 0.0 0.0 0.55
769 385 1 0.0 0.0 0.0 -0.55
770 385 1 0.0 0.0 0.0 0.55
771 386 1 0.0 0.0 0.0 -0.55
772 386 1 0.0 0.0 0.0 0.55
773 387 1 0.0 0.0 0.0 -0.55
774 387 1 0.0 0.0 0.0 0.55
775 388 1 0.0 0.0 0.0 -0.55
776 388 1 0.0 0.0 0.0 0.55
777 389 1 0.0 0.0 0.0 -0.55
778 389 1 0.0 0.0 0.0 0.55
779 390 1 0.0 0.0 0.0 -0.55
780 390 1 0.0 0.0 0.0 0.55
781 391 1 0.0 0.0 0.0 -0.55
782 391 1 0.0 0.0 0.0 0.55
783 392 1 0.0 0.0 0.0 -0.55
784 392 1 0.0 0.0 0.0 0.55
785 393 1 0.0 0.0 0.0 -0.55
786 393 1 0.0 0.0 0.0 0.55
787 394 1 0.0 0.0 0.0 -0.55
788 394 1 0.0 0.0 0.0 0.55
789 395 1 0.0 0.0 0.0 -0.55
790 395 1 0.0 0.0 0.0 0.55
791 396 1 0.0 0.0 0.0 -0.55
792 396 1 0.0 0.0 0.0 0.55
793 397 1 0.0 0.0 0.0 -0.55
794 397 1 0.0 0.0 0.0 0.55
795 398 1 0.0 0.0 0.0 -0.55
796 398 1 0.0 0.0 0.0 0.55
797 399 1 0.0 0.0 0.0 -0.55
798 399 1 0.0 0.0 0.0 0.55
799 400 1 0.0 0.0 0.0 -0.55
800 400 1 0.0 0.0 0.0 0.55
801 401 1 0.0 0.0 0.0 -0.55
802 401 1 0.0 0.0 0.0 0.55
803 402 1 0.0 0.0 0.0 -0.55
804 402 1 0.0 0.0 0.0 0.55
805 403 1 0.0 0.0 0.0 -0.55
806 403 1 0.0 0.0 0.0 0.55
807 404 1 0.0 0.0 0.0 -0.55
808 404 1 0.0 0.0 0.0 0.55
809 405 1 0.0 0.0 0.0 -0.55
810 405 1 0.0 0.0 0.0 0.55
811 406 1 0.0 0.0 0.0 -0.55
812 406 1 0.0 0.0 0.0 0.55
813 407 1 0.0 0.0 0.0 -0.55
814 407 1 0.0 0.0 0.0 0.55
815 408 1 0.0 0.0 0.0 -0.55
816 408 1 0.0 0.0 0.0 0.55
817 409 1 0.0 0.0 0.0 -0.55
818 409 1 0.0 0.0 0.0 0.55
819 410 1 0.0 0.0 0.0 -0.55
820 410 1 0.0 0.0 0.0 0.55
821 411 1 0.0 0.0 0.0 -0.55
822 411 1 0.0 0.0 0.0 0.55
823 412 1 0.0 0.0 0.0 -0.55
824 412 1 0.0 0.0 0.0 0.55
825 413 1 0.0 0.0 0.0 -0.55
826 413 1 0.0 0.0 0.0 0.55
827 414 1 0.0 0.0 0.0 -0.55
828 414 1 0.0 0.0 0.0 0.55
829 415 1 0.0 0.0 0.0 -0.55
830 415 1 0.0 0.0 0.0 0.55
831 416 1 0.0 0.0 0.0 -0.55
832 416 1 0.0 0.0 0.0 0.55
833 417 1 0.0 0.0 0.0 -0.55
834 417 1 0.0 0.0 0.0 0.55
835 418 1 0.0 0.0 0.0 -0.55
836 418 1 0.0 0.0 0.0 0.55
837 419 1 0.0 0.0 0.0 -0.55
838 419 1 0.0 0.0 0.0 0.55
839 420 1 0.0 0.0 0.0 -0.55
840 420 1 0.0 0.0 0.0 0.55
841 421 1 0.0 0.0 0.0 -0.55
842 421 1 0.0 0.0 0.0 0.55
843 422 1 0.0 0.0 0.0 -0.55
844 422 1 0.0 0.0 0.0 0.55
845 423 1 0.0 0.0 0.0 -0.55
846 423 1 0.0 0.0 0.0 0.55
847 424 1 0.0 0.0 0.0 -0.55
848 424 1 0.0 0.0 0.0 0.55
849 425 1 0.0 0.0 0.0 -0.55
850 425 1 0.0 0.0 0.0 0.55
851 426 1 0.0 0.0 0.0 -0.55
852 426 1 0.0 0.0 0.0 0.55
853 427 1 0.0 0.0 0.0 -0.55
854 427 1 0.0 0.0 0.0 0.55
855 428 1 0.0 0.0 0.0 -0.55
856 428 1 0.0 0.0 0.0 0.55
857 429 1 0.0 0.0 0.0 -0.55
858 429 1 0.0 0.0 0.0 0.55
859 430 1 0.0 0.0 0.0 -0.55
860 430 1 0.0 0.0 0.0 0.55
861 431 1 0.0 0.0 0.0 -0.55
862 431 1 0.0 0.0 0.0 0.55
863 432 1 0.0 0.0 0.0 -0.55
864 432 1 0.0 0.0 0.0 0.55
865 433 1 0.0 0.0 0.0 -0.55
866 433 1 0.0 0.0 0.0 0.55
867 434 1 0.0 0.0 0.0 -0.55
868 434 1 0.0 0.0 0.0 0.55
869 435 1 0.0 0.0 0.0 -0.55
870 435 1 0.0 0.0 0.0 0.55
871 436 1 0.0 0.0 0.0 -0.55
872 436 1 0.0 0.0 0.0 0.55
873 437 1 0.0 0.0 0.0 -0.55
874 437 1 0.0 0.0 0.0 0.55
875 438 1 0.0 0.0 0.0 -0.55
876 438 1 0.0 0.0 0.0 0.55
877 439 1 0.0 0.0 0.0 -0.55
878 439 1 0.0 0.0 0.0 0.55
879 440 1 0.0 0.0 0.0 -0.55
880 440 1 0.0 0.0 0.0 0.55
881 441 1 0.0 0.0 0.0 -0.55
882 441 1 0.0 0.0 0.0 0.55
883 442 1 0.0 0.0 0.0 -0.55
884 442 1 0.0 0.0 0.0 0.55
885 443 1 0.0 0.0 0.0 -0.55
886 443 1 0.0 0.0 0.0 0.55
887 444 1 0.0 0.0 0.0 -0.55
888 444 1 0.0 0.0 0.0 0.55
889 445 1 0.0 0.0 0.0 -0.55
890 445 1 0.0 0.0 0.0 0.55
891 446 1 0.0 0.0 0.0 -0.55
892 446 1 0.0 0.0 0.0 0.55
893 447 1 0.0 0.0 0.0 -0.55
894 447 1 0.0 0.0 0.0 0.55
895 448 1 0.0 0.0 0.0 -0.55
896 448 1 0.0 0.0 0.0 0.55
897 449 1 0.0 0.0 0.0 -0.55
898 449 1 0.0 0.0 0.0 0.55
899 450 1 0.0 0.0 0.0 -0.55
900 450 1 0.0 0.0 0.0 0.55
901 451 1 0.0 0.0 0.0 -0.55
902 451 1 0.0 0.0 0.0 0.55
903 452 1 0.0 0.0 0.0 -0.55
904 452 1 0.0 0.0 0.0 0.55
905 453 1 0.0 0.0 0.0 -0.55
906 453 1 0.0 0.0 0.0 0.55
907 454 1 0.0 0.0 0.0 -0.55
908 454 1 0.0 0.0 0.0 0.55
909 455 1 0.0 0.0 0.0 -0.55
910 455 1 0.0 0.0 0.0 0.55
911 456 1 0.0 0.0 0.0 -0.55
912 456 1 0.0 0.0 0.0 0.55
913 457 1 0.0 0.0 0.0 -0.55
914 457 1 0.0 0.0 0.0 0.55
915 458 1 0.0 0.0 0.0 -0.55
916 458 1 0.0 0.0 0.0 0.55
917 459 1 0.0 0.0 0.0 -0.55
918 459 1 0.0 0.0 0.0 0.55
919 460 1 0.0 0.0 0.0 -0.55
920 460 1 0.0 0.0 0.0 0.55
921 461 1 0.0 0.0 0.0 -0.55
922 461 1 0.0 0.0 0.0 0.55
923 462 1 0.0 0.0 0.0 -0.55
924 462 1 0.0 0.0 0.0 0.55
925 463 1 0.0 0.0 0.0 -0.55
926 463 1 0.0 0.0 0.0 0.55
927 464 1 0.0 0.0 0.0 -0.55
928 464 1 0.0 0.0 0.0 0.55
929 465 1 0.0 0.0 0.0 -0.55
930 465 1 0.0 0.0 0.0 0.55
931 466 1 0.0 0.0 0.0 -0.55
932 466 1 0.0 0.0 0.0 0.55
933 467 1 0.0 0.0 0.0 -0.55
934 467 1 0.0 0.0 0.0 0.55
935 468 1 0.0 0.0 0.0 -0.55
936 468 1 0.0 0.0 0.0 0.55
937 469 1 0.0 0.0 0.0 -0.55
938 469 1 0.0 0.0 0.0 0.55
939 470 1 0.0 0.0 0.0 -0.55
940 470 1 0.0 0.0 0.0 0.55
941 471 1 0.0 0.0 0.0 -0.55
942 471 1 0.0 0.0 0.0 0.55
943 472 1 0.0 0.0 0.0 -0.55
944 472 1 0.0 0.0 0.0 0.55
945 473 1 0.0 0.0 0.0 -0.55
946 473 1 0.0 0.0 0.0 0.55
947 474 1 0.0 0.0 0.0 -0.55
948 474 1 0.0 0.0 0.0 0.55
949 475 1 0.0 0.0 0.0 -0.55
950 475 1 0.0 0.0 0.0 0.55
951 476 1 0.0 0.0 0.0 -0.55
952 476 1 0.0 0.0 0.0 0.55
953 477 1 0.0 0.0 0.0 -0.55
954 477 1 0.0 0.0 0.0 0.55
955 478 1 0.0 0.0 0.0 -0.55
956 478 1 0.0 0.0 0.0 0.55
957 479 1 0.0 0.0 0.0 -0.55
958 479 1 0.0 0.0 0.0 0.55
959 480 1 0.0 0.0 0.0 -0.55
960 480 1 0.0 0.0 0.0 0.55
961 481 1 0.0 0.0 0.0 -0.55
962 481 1 0.0 0.0 0.0 0.55
963 482 1 0.0 0.0 0.0 -0.55
964 482 1 0.0 0.0 0.0 0.55
965 483 1 0.0 0.0 0.0 -0.55
966 483 1 0.0 0.0 0.0 0.55
967 484 1 0.0 0.0 0.0 -0.55
968 484 1 0.0 0.0 0.0 0.55
969 485 1 0.0 0.0 0.0 -0.55
970 485 1 0.0 0.0 0.0 0.55
971 486 1 0.0 0.0 0.0 -0.55
972 486 1 0.0 0.0 0.0 0.55
973 487 1 0.0 0.0 0.0 -0.55
974 487 1 0.0 0.0 0.0 0.55
975 488 1 0.0 0.0 0.0 -0.55
976 488 1 0.0 0.0 0.0 0.55
977 489 1 0.0 0.0 0.0 -0.55
978 489 1 0.0 0.0 0.0 0.55
979 490 1 0.0 0.0 0.0 -0.55
980 490 1 0.0 0.0 0.0 0.55
981 491 1 0.0 0.0 0.0 -0.55
982 491 1 0.0 0.0 0.0 0.55
983 492 1 0.0 0.0 0.0 -0.55
984 492 1 0.0 0.0 0.0 0.55
985 493 1 0.0 0.0 0.0 -0.55
986 493 1 0.0 0.0 0.0 0.55
987 494 1 0.0 0.0 0.0 -0.55
988 494 1 0.0 0.0 0.0 0.55
989 495 1 0.0 0.0 0.0 -0.55
990 495 1 0.0 0.0 0.0 0.55
991 496 1 0.0 0.0 0.0 -0.55
992 496 1 0.0 0.0 0.0 0.55
993 497 1 0.0 0.0 0.0 -0.55
994 497 1 0.0 0.0 0.0 0.55
995 498 1 0.0 0.0 0.0 -0.55
996 498 1 0.0 0.0 0.0 0.55
997 499 1 0.0 0.0 0.0 -0.55
998 499 1 0.0 0.0 0.0 0.55
999 500 1 0.0 0.0 0.0 -0.55
1000 500 1 0.0 0.0 0.0 0.55
1001 501 1 0.0 0.0 0.0 -0.55
1002 501 1 0.0 0.0 0.0 0.55
1003 502 1 0.0 0.0 0.0 -0.55
1004 502 1 0.0 0.0 0.0 0.55
1005 503 1 0.0 0.0 0.0 -0.55
1006 503 1 0.0 0.0 0.0 0.55
1007 504 1 0.0 0.0 0.0 -0.55
1008 504 1 0.0 0.0 0.0 0.55
1009 505 1 0.0 0.0 0.0 -0.55
1010 505 1 0.0 0.0 0.0 0.55
1011 506 1 0.0 0.0 0.0 -0.55
1012 506 1 0.0 0.0 0.0 0.55
1013 507 1 0.0 0.0 0.0 -0.55
1014 507 1 0.0 0.0 0.0 0.55
1015 508 1 0.0 0.0 0.0 -0.55
1016 508 1 0.0 0.0 0.0 0.55
1017 509 1 0.0 0.0 0.0 -0.55
1018 509 1 0.0 0.0 0.0 0.55
1019 510 1 0.0 0.0 0.0 -0.55
1020 510 1 0.0 0.0 0.0 0.55
1021 511 1 0.0 0.0 0.0 -0.55
1022 511 1 0.0 0.0 0.0 0.55
1023 512 1 0.0 0.0 0.0 -0.55
1024 512 1 0.0 0.0 0.0 0.55
1025 513 1 0.0 0.0 0.0 -0.55
1026 513 1 0.0 0.0 0.0 0.55
1027 514 1 0.0 0.0 0.0 -0.55
1028 514 1 0.0 0.0 0.0 0.55
1029 515 1 0.0 0.0 0.0 -0.55
1030 515 1 0.0 0.0 0.0 0.55
1031 516 1 0.0 0.0 0.0 -0.55
1032 516 1 0.0 0.0 0.0 0.55
1033 517 1 0.0 0.0 0.0 -0.55
1034 517 1 0.0 0.0 0.0 0.55
1035 518 1 0.0 0.0 0.0 -0.55
1036 518 1 0.0 0.0 0.0 0.55
1037 519 1 0.0 0.0 0.0 -0.55
1038 519 1 0.0 0.0 0.0 0.55
1039 520 1 0.0 0.0 0.0 -0.55
1040 520 1 0.0 0.0 0.0 0.55
1041 521 1 0.0 0.0 0.0 -0.55
1042 521 1 0.0 0.0 0.0 0.55
1043 522 1 0.0 0.0 0.0 -0.55
1044 522 1 0.0 0.0 0.0 0.55
1045 523 1 0.0 0.0 0.0 -0.55
1046 523 1 0.0 0.0 0.0 0.55
1047 524 1 0.0 0.0 0.0 -0.55
1048 524 1 0.0 0.0 0.0 0.55
1049 525 1 0.0 0.0 0.0 -0.55
1050 525 1 0.0 0.0 0.0 0.55
1051 526 1 0.0 0.0 0.0 -0.55
1052 526 1 0.0 0.0 0.0 0.55
1053 527 1 0.0 0.0 0.0 -0.55
1054 527 1 0.0 0.0 0.0 0.55
1055 528 1 0.0 0.0 0.0 -0.55
1056 528 1 0.0 0.0 0.0 0.55
1057 529 1 0.0 0.0 0.0 -0.55
1058 529 1 0.0 0.0 0.0 0.55
1059 530 1 0.0 0.0 0.0 -0.55
1060 530 1 0.0 0.0 0.0 0.55
1061 531 1 0.0 0.0 0.0 -0.55
1062 531 1 0.0 0.0 0.0 0.55
1063 532 1 0.0 0.0 0.0 -0.55
1064 532 1 0.0 0.0 0.0 0.55
1065 533 1 0.0 0.0 0.0 -0.55
1066 533 1 0.0 0.0 0.0 0.55
1067 534 1 0.0 0.0 0.0 -0.55
1068 534 1 0.0 0.0 0.0 0.55
1069 535 1 0.0 0.0 0.0 -0.55
1070 535 1 0.0 0.0 0.0 0.55
1071 536 1 0.0 0.0 0.0 -0.55
1072 536 1 0.0 0.0 0.0 0.55
1073 537 1 0.0 0.0 0.0 -0.55
1074 537 1 0.0 0.0 0.0 0.55
1075 538 1 0.0 0.0 0.0 -0.55
1076 538 1 0.0 0.0 0.0 0.55
1077 539 1 0.0 0.0 0.0 -0.55
1078 539 1 0.0 0.0 0.0 0.55
1079 540 1 0.0 0.0 0.0 -0.55
1080 540 1 0.0 0.0 0.0 0.55
1081 541 1 0.0 0.0 0.0 -0.55
1082 541 1 0.0 0.0 0.0 0.55
1083 542 1 0.0 0.0 0.0 -0.55
1084 542 1 0.0 0.0 0.0 0.55
1085 543 1 0.0 0.0 0.0 -0.55
1086 543 1 0.0 0.0 0.0 0.55
1087 544 1 0.0 0.0 0.0 -0.55
1088 544 1 0.0 0.0 0.0 0.55
1089 545 1 0.0 0.0 0.0 -0.55
1090 545 1 0.0 0.0 0.0 0.55
1091 546 1 0.0 0.0 0.0 -0.55
1092 546 1 0.0 0.0 0.0 0.55
1093 547 1 0.0 0.0 0.0 -0.55
1094 547 1 0.0 0.0 0.0 0.55
1095 548 1 0.0 0.0 0.0 -0.55
1096 548 1 0.0 0.0 0.0 0.55
1097 549 1 0.0 0.0 0.0 -0.55
1098 549 1 0.0 0.0 0.0 0.55
1099 550 1 0.0 0.0 0.0 -0.55
1100 550 1 0.0 0.0 0.0 0.55
1101 551 1 0.0 0.0 0.0 -0.55
1102 551 1 0.0 0.0 0.0 0.55
1103 552 1 0.0 0.0 0.0 -0.55
1104 552 1 0.0 0.0 0.0 0.55
1105 553 1 0.0 0.0 0.0 -0.55
1106 553 1 0.0 0.0 0.0 0.55
1107 554 1 0.0 0.0 0.0 -0.55
1108 554 1 0.0 0.0 0.0 0.55
1109 555 1 0.0 0.0 0.0 -0.55
1110 555 1 0.0 0.0 0.0 0.55
1111 556 1 0.0 0.0 0.0 -0.55
1112 556 1 0.0 0.0 0.0 0.55
1113 557 1 0.0 0.0 0.0 -0.55
1114 557 1 0.0 0.0 0.0 0.55
1115 558 1 0.0 0.0 0.0 -0.55
1116 558 1 0.0 0.0 0.0 0.55
1117 559 1 0.0 0.0 0.0 -0.55
1118 559 1 0.0 0.0 0.0 0.55
1119 560 1 0.0 0.0 0.0 -0.55
1120 560 1 0.0 0.0 0.0 0.55
1121 561 1 0.0 0.0 0.0 -0.55
1122 561 1 0.0 0.0 0.0 0.55
1123 562 1 0.0 0.0 0.0 -0.55
1124 562 1 0.0 0.0 0.0 0.55
1125 563 1 0.0 0.0 0.0 -0.55
1126 563 1 0.0 0.0 0.0 0.55
1127 564 1 0.0 0.0 0.0 -0.55
1128 564 1 0.0 0.0 0.0 0.55
1129 565 1 0.0 0.0 0.0 -0.55
1130 565 1 0.0 0.0 0.0 0.55
1131 566 1 0.0 0.0 0.0 -0.55
1132 566 1 0.0 0.0 0.0 0.55
1133 567 1 0.0 0.0 0.0 -0.55
1134 567 1 0.0 0.0 0.0 0.55
1135 568 1 0.0 0.0 0.0 -0.55
1136 568 1 0.0 0.0 0.0 0.55
1137 569 1 0.0 0.0 0.0 -0.55
1138 569 1 0.0 0.0 0.0 0.55
1139 570 1 0.0 0.0 0.0 -0.55
1140 570 1 0.0 0.0 0.0 0.55
1141 571 1 0.0 0.0 0.0 -0.55
1142 571 1 0.0 0.0 0.0 0.55
1143 572 1 0.0 0.0 0.0 -0.55
1144 572 1 0.0 0.0 0.0 0.55
1145 573 1 0.0 0.0 0.0 -0.55
1146 573 1 0.0 0.0 0.0 0.55
1147 574 1 0.0 0.0 0.0 -0.55
1148 574 1 0.0 0.0 0.0 0.55
1149 575 1 0.0 0.0 0.0 -0.55
1150 575 1 0.0 0.0 0.0 0.55
1151 576 1 0.0 0.0 0.0 -0.55
1152 576 1 0.0 0.0 0.0 0.55
1153 577 1 0.0 0.0 0.0 -0.55
1154 577 1 0.0 0.0 0.0 0.55
1155 578 1 0.0 0.0 0.0 -0.55
1156 578 1 0.0 0.0 0.0 0.55
1157 579 1 0.0 0.0 0.0 -0.55
1158 579 1 0.0 0.0 0.0 0.55
1159 580 1 0.0 0.0 0.0 -0.55
1160 580 1 0.0 0.0 0.0 0.55
1161 581 1 0.0 0.0 0.0 -0.55
1162 581 1 0.0 0.0 0.0 0.55
1163 582 1 0.0 0.0 0.0 -0.55
1164 582 1 0.0 0.0 0.0 0.55
1165 583 1 0.0 0.0 0.0 -0.55
1166 583 1 0.0 0.0 0.0 0.55
1167 584 1 0.0 0.0 0.0 -0.55
1168 584 1 0.0 0.0 0.0 0.55
1169 585 1 0.0 0.0 0.0 -0.55
1170 585 1 0.0 0.0 0.0 0.55
1171 586 1 0.0 0.0 0.0 -0.55
1172 586 1 0.0 0.0 0.0 0.55
1173 587 1 0.0 0.0 0.0 -0.55
1174 587 1 0.0 0.0 0.0 0.55
1175 588 1 0.0 0.0 0.0 -0.55
1176 588 1 0.0 0.0 0.0 0.55
1177 589 1 0.0 0.0 0.0 -0.55
1178 589 1 0.0 0.0 0.0 0.55
1179 590 1 0.0 0.0 0.0 -0.55
1180 590 1 0.0 0.0 0.0 0.55
1181 591 1 0.0 0.0 0.0 -0.55
1182 591 1 0.0 0.0 0.0 0.55
1183 592 1 0.0 0.0 0.0 -0.55
1184 592 1 0.0 0.0 0.0 0.55
1185 593 1 0.0 0.0 0.0 -0.55
1186 593 1 0.0 0.0 0.0 0.55
1187 594 1 0.0 0.0 0.0 -0.55
1188 594 1 0.0 0.0 0.0 0.55
1189 595 1 0.0 0.0 0.0 -0.55
1190 595 1 0.0 0.0 0.0 0.55
1191 596 1 0.0 0.0 0.0 -0.55
1192 596 1 0.0 0.0 0.0 0.55
1193 597 1 0.0 0.0 0.0 -0.55
1194 597 1 0.0 0.0 0.0 0.55
1195 598 1 0.0 0.0 0.0 -0.55
1196 598 1 0.0 0.0 0.0 0.55
1197 599 1 0.0 0.0 0.0 -0.55
1198 599 1 0.0 0.0 0.0 0.55
1199 600 1 0.0 0.0 0.0 -0.55
1200 600 1 0.0 0.0 0.0 0.55
1201 601 1 0.0 0.0 0.0 -0.55
1202 601 1 0.0 0.0 0.0 0.55
1203 602 1 0.0 0.0 0.0 -0.55
1204 602 1 0.0 0.0 0.0 0.55
1205 603 1 0.0 0.0 0.0 -0.55
1206 603 1 0.0 0.0 0.0 0.55
1207 604 1 0.0 0.0 0.0 -0.55
1208 604 1 0.0 0.0 0.0 0.55
1209 605 1 0.0 0.0 0.0 -0.55
1210 605 1 0.0 0.0 0.0 0.55
1211 606 1 0.0 0.0 0.0 -0.55
1212 606 1 0.0 0.0 0.0 0.55
1213 607 1 0.0 0.0 0.0 -0.55
1214 607 1 0.0 0.0 0.0 0.55
1215 608 1 0.0 0.0 0.0 -0.55
1216 608 1 0.0 0.0 0.0 0.55
1217 609 1 0.0 0.0 0.0 -0.55
1218 609 1 0.0 0.0 0.0 0.55
1219 610 1 0.0 0.0 0.0 -0.55
1220 610 1 0.0 0.0 0.0 0.55
1221 611 1 0.0 0.0 0.0 -0.55
1222 611 1 0.0 0.0 0.0 0.55
1223 612 1 0.0 0.0 0.0 -0.55
1224 612 1 0.0 0.0 0.0 0.55
1225 613 1 0.0 0.0 0.0 -0.55
1226 613 1 0.0 0.0 0.0 0.55
1227 614 1 0.0 0.0 0.0 -0.55
1228 614 1 0.0 0.0 0.0 0.55
1229 615 1 0.0 0.0 0.0 -0.55
1230 615 1 0.0 0.0 0.0 0.55
1231 616 1 0.0 0.0 0.0 -0.55
1232 616 1 0.0 0.0 0.0 0.55
1233 617 1 0.0 0.0 0.0 -0.55
1234 617 1 0.0 0.0 0.0 0.55
1235 618 1 0.0 0.0 0.0 -0.55
1236 618 1 0.0 0.0 0.0 0.55
1237 619 1 0.0 0.0 0.0 -0.55
1238 619 1 0.0 0.0 0.0 0.55
1239 620 1 0.0 0.0 0.0 -0.55
1240 620 1 0.0 0.0 0.0 0.55
1241 621 1 0.0 0.0 0.0 -0.55
1242 621 1 0.0 0.0 0.0 0.55
1243 622 1 0.0 0.0 0.0 -0.55
1244 622 1 0.0 0.0 0.0 0.55
1245 623 1 0.0 0.0 0.0 -0.55
1246 623 1 0.0 0.0 0.0 0.55
1247 624 1 0.0 0.0 0.0 -0.55
1248 624 1 0.0 0.0 0.0 0.55
1249 625 1 0.0 0.0 0.0 -0.55
1250 625 1 0.0 0.0 0.0 0.55
1251 626 1 0.0 0.0 0.0 -0.55
1252 626 1 0.0 0.0 0.0 0.55
1253 627 1 0.0 0.0 0.0 -0.55
1254 627 1 0.0 0.0 0.0 0.55
1255 628 1 0.0 0.0 0.0 -0.55
1256 628 1 0.0 0.0 0.0 0.55
1257 629 1 0.0 0.0 0.0 -0.55
1258 629 1 0.0 0.0 0.0 0.55
1259 630 1 0.0 0.0 0.0 -0.55
1260 630 1 0.0 0.0 0.0 0.55
1261 631 1 0.0 0.0 0.0 -0.55
1262 631 1 0.0 0.0 0.0 0.55
1263 632 1 0.0 0.0 0.0 -0.55
1264 632 1 0.0 0.0 0.0 0.55
1265 633 1 0.0 0.0 0.0 -0.55
1266 633 1 0.0 0.0 0.0 0.55
1267 634 1 0.0 0.0 0.0 -0.55
1268 634 1 0.0 0.0 0.0 0.55
1269 635 1 0.0 0.0 0.0 -0.55
1270 635 1 0.0 0.0 0.0 0.55
1271 636 1 0.0 0.0 0.0 -0.55
1272 636 1 0.0 0.0 0.0 0.55
1273 637 1 0.0 0.0 0.0 -0.55
1274 637 1 0.0 0.0 0.0 0.55
1275 638 1 0.0 0.0 0.0 -0.55
1276 638 1 0.0 0.0 0.0 0.55
1277 639 1 0.0 0.0 0.0 -0.55
1278 639 1 0.0 0.0 0.0 0.55
1279 640 1 0.0 0.0 0.0 -0.55
1280 640 1 0.0 0.0 0.0 0.55
1281 641 1 0.0 0.0 0.0 -0.55
1282 641 1 0.0 0.0 0.0 0.55
1283 642 1 0.0 0.0 0.0 -0.55
1284 642 1 0.0 0.0 0.0 0.55
1285 643 1 0.0 0.0 0.0 -0.55
1286 643 1 0.0 0.0 0.0 0.55
1287 644 1 0.0 0.0 0.0 -0.55
1288 644 1 0.0 0.0 0.0 0.55
1289 645 1 0.0 0.0 0.0 -0.55
1290 645 1 0.0 0.0 0.0 0.55
1291 646 1 0.0 0.0 0.0 -0.55
1292 646 1 0.0 0.0 0.0 0.55
1293 647 1 0.0 0.0 0.0 -0.55
1294 647 1 0.0 0.0 0.0 0.55
1295 648 1 0.0 0.0 0.0 -0.55
1296 648 1 0.0 0.0 0.0 0.55
1297 649 1 0.0 0.0 0.0 -0.55
1298 649 1 0.0 0.0 0.0 0.55
1299 650 1 0.0 0.0 0.0 -0.55
1300 650 1 0.0 0.0 0.0 0.55
1301 651 1 0.0 0.0 0.0 -0.55
1302 651 1 0.0 0.0 0.0 0.55
1303 652 1 0.0 0.0 0.0 -0.55
1304 652 1 0.0 0.0 0.0 0.55
1305 653 1 0.0 0.0 0.0 -0.55
1306 653 1 0.0 0.0 0.0 0.55
1307 654 1 0.0 0.0 0.0 -0.55
1308 654 1 0.0 0.0 0.0 0.55
1309 655 1 0.0 0.0 0.0 -0.55
1310 655 1 0.0 0.0 0.0 0.55
1311 656 1 0.0 0.0 0.0 -0.55
1312 656 1 0.0 0.0 0.0 0.55
1313 657 1 0.0 0.0 0.0 -0.55
1314 657 1 0.0 0.0 0.0 0.55
1315 658 1 0.0 0.0 0.0 -0.55
1316 658 1 0.0 0.0 0.0 0.55
1317 659 1 0.0 0.0 0.0 -0.55
1318 659 1 0.0 0.0 0.0 0.55
1319 660 1 0.0 0.0 0.0 -0.55
1320 660 1 0.0 0.0 0.0 0.55
1321 661 1 0.0 0.0 0.0 -0.55
1322 661 1 0.0 0.0 0.0 0.55
1323 662 1 0.0 0.0 0.0 -0.55
1324 662 1 0.0 0.0 0.0 0.55
1325 663 1 0.0 0.0 0.0 -0.55
1326 663 1 0.0 0.0 0.0 0.55
1327 664 1 0.0 0.0 0.0 -0.55
1328 664 1 0.0 0.0 0.0 0.55
1329 665 1 0.0 0.0 0.0 -0.55
1330 665 1 0.0 0.0 0.0 0.55
1331 666 1 0.0 0.0 0.0 -0.55
1332 666 1 0.0 0.0 0.0 0.55
1333 667 1 0.0 0.0 0.0 -0.55
1334 667 1 0.0 0.0 0.0 0.55
1335 668 1 0.0 0.0 0.0 -0.55
1336 668 1 0.0 0.0 0.0 0.55
1337 669 1 0.0 0.0 0.0 -0.55
1338 669 1 0.0 0.0 0.0 0.55
1339 670 1 0.0 0.0 0.0 -0.55
1340 670 1 0.0 0.0 0.0 0.55
1341 671 1 0.0 0.0 0.0 -0.55
1342 671 1 0.0 0.0 0.0 0.55
1343 672 1 0.0 0.0 0.0 -0.55
1344 672 1 0.0 0.0 0.0 0.55
1345 673 1 0.0 0.0 0.0 -0.55
1346 673 1 0.0 0.0 0.0 0.55
1347 674 1 0.0 0.0 0.0 -0.55
1348 674 1 0.0 0.0 0.0 0.55
1349 675 1 0.0 0.0 0.0 -0.55
1350 675 1 0.0 0.0 0.0 0.55
1351 676 1 0.0 0.0 0.0 -0.55
1352 676 1 0.0 0.0 0.0 0.55
1353 677 1 0.0 0.0 0.0 -0.55
1354 677 1 0.0 0.0 0.0 0.55
1355 678 1 0.0 0.0 0.0 -0.55
1356 678 1 0.0 0.0 0.0 0.55
1357 679 1 0.0 0.0 0.0 -0.55
1358 679 1 0.0 0.0 0.0 0.55
1359 680 1 0.0 0.0 0.0 -0.55
1360 680 1 0.0 0.0 0.0 0.55
1361 681 1 0.0 0.0 0.0 -0.55
1362 681 1 0.0 0.0 0.0 0.55
1363 682 1 0.0 0.0 0.0 -0.55
1364 682 1 0.0 0.0 0.0 0.55
1365 683 1 0.0 0.0 0.0 -0.55
1366 683 1 0.0 0.0 0.0 0.55
1367 684 1 0.0 0.0 0.0 -0.55
1368 684 1 0.0 0.0 0.0 0.55
1369 685 1 0.0 0.0 0.0 -0.55
1370 685 1 0.0 0.0 0.0 0.55
1371 686 1 0.0 0.0 0.0 -0.55
1372 686 1 0.0 0.0 0.0 0.55
1373 687 1 0.0 0.0 0.0 -0.55
1374 687 1 0.0 0.0 0.0 0.55
1375 688 1 0.0 0.0 0.0 -0.55
1376 688 1 0.0 0.0 0.0 0.55
1377 689 1 0.0 0.0 0.0 -0.55
1378 689 1 0.0 0.0 0.0 0.55
1379 690 1 0.0 0.0 0.0 -0.55
1380 690 1 0.0 0.0 0.0 0.55
1381 691 1 0.0 0.0 0.0 -0.55
1382 691 1 0.0 0.0 0.0 0.55
1383 692 1 0.0 0.0 0.0 -0.55
1384 692 1 0.0 0.0 0.0 0.55
1385 693 1 0.0 0.0 0.0 -0.55
1386 693 1 0.0 0.0 0.0 0.55
1387 694 1 0.0 0.0 0.0 -0.55
1388 694 1 0.0 0.0 0.0 0.55
1389 695 1 0.0 0.0 0.0 -0.55
1390 695 1 0.0 0.0 0.0 0.55
1391 696 1 0.0 0.0 0.0 -0.55
1392 696 1 0.0 0.0 0.0 0.55
1393 697 1 0.0 0.0 0.0 -0.55
1394 697 1 0.0 0.0 0.0 0.55
1395 698 1 0.0 0.0 0.0 -0.55
1396 698 1 0.0 0.0 0.0 0.55
1397 699 1 0.0 0.0 0.0 -0.55
1398 699 1 0.0 0.0 0.0 0.55
1399 700 1 0.0 0.0 0.0 -0.55
1400 700 1 0.0 0.0 0.0 0.55
1401 701 1 0.0 0.0 0.0 -0.55
1402 701 1 0.0 0.0 0.0 0.55
1403 702 1 0.0 0.0 0.0 -0.55
1404 702 1 0.0 0.0 0.0 0.55
1405 703 1 0.0 0.0 0.0 -0.55
1406 703 1 0.0 0.0 0.0 0.55
1407 704 1 0.0 0.0 0.0 -0.55
1408 704 1 0.0 0.0 0.0 0.55
1409 705 1 0.0 0.0 0.0 -0.55
1410 705 1 0.0 0.0 0.0 0.55
1411 706 1 0.0 0.0 0.0 -0.55
1412 706 1 0.0 0.0 0.0 0.55
1413 707 1 0.0 0.0 0.0 -0.55
1414 707 1 0.0 0.0 0.0 0.55
1415 708 1 0.0 0.0 0.0 -0.55
1416 708 1 0.0 0.0 0.0 0.55
1417 709 1 0.0 0.0 0.0 -0.55
1418 709 1 0.0 0.0 0.0 0.55
1419 710 1 0.0 0.0 0.0 -0.55
1420 710 1 0.0 0.0 0.0 0.55
1421 711 1 0.0 0.0 0.0 -0.55
1422 711 1 0.0 0.0 0.0 0.55
1423 712 1 0.0 0.0 0.0 -0.55
1424 712 1 0.0 0.0 0.0 0.55
1425 713 1 0.0 0.0 0.0 -0.55
1426 713 1 0.0 0.0 0.0 0.55
1427 714 1 0.0 0.0 0.0 -0.55
1428 714 1 0.0 0.0 0.0 0.55
1429 715 1 0.0 0.0 0.0 -0.55
1430 715 1 0.0 0.0 0.0 0.55
1431 716 1 0.0 0.0 0.0 -0.55
1432 716 1 0.0 0.0 0.0 0.55
1433 717 1 0.0 0.0 0.0 -0.55
1434 717 1 0.0 0.0 0.0 0.55
1435 718 1 0.0 0.0 0.0 -0.55
1436 718 1 0.0 0.0 0.0 0.55
1437 719 1 0.0 0.0 0.0 -0.55
1438 719 1 0.0 0.0 0.0 0.55
1439 720 1 0.0 0.0 0.0 -0.55
1440 720 1 0.0 0.0 0.0 0.55
1441 721 1 0.0 0.0 0.0 -0.55
1442 721 1 0.0 0.0 0.0 0.55
1443 722 1 0.0 0.0 0.0 -0.55
1444 722 1 0.0 0.0 0.0 0.55
1445 723 1 0.0 0.0 0.0 -0.55
1446 723 1 0.0 0.0 0.0 0.55
1447 724 1 0.0 0.0 0.0 -0.55
1448 724 1 0.0 0.0 0.0 0.55
1449 725 1 0.0 0.0 0.0 -0.55
1450 725 1 0.0 0.0 0.0 0.55
1451 726 1 0.0 0.0 0.0 -0.55
1452 726 1 0.0 0.0 0.0 0.55
1453 727 1 0.0 0.0 0.0 -0.55
1454 727 1 0.0 0.0 0.0 0.55
1455 728 1 0.0 0.0 0.0 -0.55
1456 728 1 0.0 0.0 0.0 0.55
1457 729 1 0.0 0.0 0.0 -0.55
1458 729 1 0.0 0.0 0.0 0.55
1459 730 1 0.0 0.0 0.0 -0.55
1460 730 1 0.0 0.0 0.0 0.55
1461 731 1 0.0 0.0 0.0 -0.55
1462 731 1 0.0 0.0 0.0 0.55
1463 732 1 0.0 0.0 0.0 -0.55
1464 732 1 0.0 0.0 0.0 0.55
1465 733 1 0.0 0.0 0.0 -0.55
1466 733 1 0.0 0.0 0.0 0.55
1467 734 1 0.0 0.0 0.0 -0.55
1468 734 1 0.0 0.0 0.0 0.55
1469 735 1 0.0 0.0 0.0 -0.55
1470 735 1 0.0 0.0 0.0 0.55
1471 736 1 0.0 0.0 0.0 -0.55
1472 736 1 0.0 0.0 0.0 0.55
1473 737 1 0.0 0.0 0.0 -0.55
1474 737 1 0.0 0.0 0.0 0.55
1475 738 1 0.0 0.0 0.0 -0.55
1476 738 1 0.0 0.0 0.0 0.55
1477 739 1 0.0 0.0 0.0 -0.55
1478 739 1 0.0 0.0 0.0 0.55
1479 740 1 0.0 0.0 0.0 -0.55
1480 740 1 0.0 0.0 0.0 0.55
1481 741 1 0.0 0.0 0.0 -0.55
1482 741 1 0.0 0.0 0.0 0.55
1483 742 1 0.0 0.0 0.0 -0.55
1484 742 1 0.0 0.0 0.0 0.55
1485 743 1 0.0 0.0 0.0 -0.55
1486 743 1 0.0 0.0 0.0 0.55
1487 744 1 0.0 0.0 0.0 -0.55
1488 744 1 0.0 0.0 0.0 0.55
1489 745 1 0.0 0.0 0.0 -0.55
1490 745 1 0.0 0.0 0.0 0.55
1491 746 1 0.0 0.0 0.0 -0.55
1492 746 1 0.0 0.0 0.0 0.55
1493 747 1 0.0 0.0 0.0 -0.55
1494 747 1 0.0 0.0 0.0 0.55
1495 748 1 0.0 0.0 0.0 -0.55
1496 748 1 0.0 0.0 0.0 0.55
1497 749 1 0.0 0.0 0.0 -0.55
1498 749 1 0.0 0.0 0.0 0.55
1499 750 1 0.0 0.0 0.0 -0.55
1500 750 1 0.0 0.0 0.0 0.55
1501 751 1 0.0 0.0 0.0 -0.55
1502 751 1 0.0 0.0 0.0 0.55
1503 752 1 0.0 0.0 0.0 -0.55
1504 752 1 0.0 0.0 0.0 0.55
1505 753 1 0.0 0.0 0.0 -0.55
1506 753 1 0.0 0.0 0.0 0.55
1507 754 1 0.0 0.0 0.0 -0.55
1508 754 1 0.0 0.0 0.0 0.55
1509 755 1 0.0 0.0 0.0 -0.55
1510 755 1 0.0 0.0 0.0 0.55
1511 756 1 0.0 0.0 0.0 -0.55
1512 756 1 0.0 0.0 0.0 0.55
1513 757 1 0.0 0.0 0.0 -0.55
1514 757 1 0.0 0.0 0.0 0.55
1515 758 1 0.0 0.0 0.0 -0.55
1516 758 1 0.0 0.0 0.0 0.55
1517 759 1 0.0 0.0 0.0 -0.55
1518 759 1 0.0 0.0 0.0 0.55
1519 760 1 0.0 0.0 0.0 -0.55
1520 760 1 0.0 0.0 0.0 0.55
1521 761 1 0.0 0.0 0.0 -0.55
1522 761 1 0.0 0.0 0.0 0.55
1523 762 1 0.0 0.0 0.0 -0.55
1524 762 1 0.0 0.0 0.0 0.55
1525 763 1 0.0 0.0 0.0 -0.55
1526 763 1 0.0 0.0 0.0 0.55
1527 764 1 0.0 0.0 0.0 -0.55
1528 764 1 0.0 0.0 0.0 0.55
1529 765 1 0.0 0.0 0.0 -0.55
1530 765 1 0.0 0.0 0.0 0.55
1531 766 1 0.0 0.0 0.0 -0.55
1532 766 1 0.0 0.0 0.0 0.55
1533 767 1 0.0 0.0 0.0 -0.55
1534 767 1 0.0 0.0 0.0 0.55
1535 768 1 0.0 0.0 0.0 -0.55
1536 768 1 0.0 0.0 0.0 0.55
1537 769 1 0.0 0.0 0.0 -0.55
1538 769 1 0.0 0.0 0.0 0.55
1539 770 1 0.0 0.0 0.0 -0.55
1540 770 1 0.0 0.0 0.0 0.55
1541 771 1 0.0 0.0 0.0 -0.55
1542 771 1 0.0 0.0 0.0 0.55
1543 772 1 0.0 0.0 0.0 -0.55
1544 772 1 0.0 0.0 0.0 0.55
1545 773 1 0.0 0.0 0.0 -0.55
1546 773 1 0.0 0.0 0.0 0.55
1547 774 1 0.0 0.0 0.0 -0.55
1548 774 1 0.0 0.0 0.0 0.55
1549 775 1 0.0 0.0 0.0 -0.55
1550 775 1 0.0 0.0 0.0 0.55
1551 776 1 0.0 0.0 0.0 -0.55
1552 776 1 0.0 0.0 0.0 0.55
1553 777 1 0.0 0.0 0.0 -0.55
1554 777 1 0.0 0.0 0.0 0.55
1555 778 1 0.0 0.0 0.0 -0.55
1556 778 1 0.0 0.0 0.0 0.55
1557 779 1 0.0 0.0 0.0 -0.55
1558 779 1 0.0 0.0 0.0 0.55
1559 780 1 0.0 0.0 0.0 -0.55
1560 780 1 0.0 0.0 0.0 0.55
1561 781 1 0.0 0.0 0.0 -0.55
1562 781 1 0.0 0.0 0.0 0.55
1563 782 1 0.0 0.0 0.0 -0.55
1564 782 1 0.0 0.0 0.0 0.55
1565 783 1 0.0 0.0 0.0 -0.55
1566 783 1 0.0 0.0 0.0 0.55
1567 784 1 0.0 0.0 0.0 -0.55
1568 784 1 0.0 0.0 0.0 0.55
1569 785 1 0.0 0.0 0.0 -0.55
1570 785 1 0.0 0.0 0.0 0.55
1571 786 1 0.0 0.0 0.0 -0.55
1572 786 1 0.0 0.0 0.0 0.55
1573 787 1 0.0 0.0 0.0 -0.55
1574 787 1 0.0 0.0 0.0 0.55
1575 788 1 0.0 0.0 0.0 -0.55
1576 788 1 0.0 0.0 0.0 0.55
1577 789 1 0.0 0.0 0.0 -0.55
1578 789 1 0.0 0.0 0.0 0.55
1579 790 1 0.0 0.0 0.0 -0.55
1580 790 1 0.0 0.0 0.0 0.55
1581 791 1 0.0 0.0 0.0 -0.55
1582 791 1 0.0 0.0 0.0 0.55
1583 792 1 0.0 0.0 0.0 -0.55
1584 792 1 0.0 0.0 0.0 0.55
1585 793 1 0.0 0.0 0.0 -0.55
1586 793 1 0.0 0.0 0.0 0.55
1587 794 1 0.0 0.0 0.0 -0.55
1588 794 1 0.0 0.0 0.0 0.55
1589 795 1 0.0 0.0 0.0 -0.55
1590 795 1 0.0 0.0 0.0 0.55
1591 796 1 0.0 0.0 0.0 -0.55
1592 796 1 0.0 0.0 0.0 0.55
1593 797 1 0.0 0.0 0.0 -0.55
1594 797 1 0.0 0.0 0.0 0.55
1595 798 1 0.0 0.0 0.0 -0.55
1596 798 1 0.0 0.0 0.0 0.55
1597 799 1 0.0 0.0 0.0 -0.55
1598 799 1 0.0 0.0 0.0 0.55
1599 800 1 0.0 0.0 0.0 -0.55
1600 800 1 0.0 0.0 0.0 0.55
1601 801 1 0.0 0.0 0.0 -0.55
1602 801 1 0.0 0.0 0.0 0.55
1603 802 1 0.0 0.0 0.0 -0.55
1604 802 1 0.0 0.0 0.0 0.55
1605 803 1 0.0 0.0 0.0 -0.55
1606 803 1 0.0 0.0 0.0 0.55
1607 804 1 0.0 0.0 0.0 -0.55
1608 804 1 0.0 0.0 0.0 0.55
1609 805 1 0.0 0.0 0.0 -0.55
1610 805 1 0.0 0.0 0.0 0.55
1611 806 1 0.0 0.0 0.0 -0.55
1612 806 1 0.0 0.0 0.0 0.55
1613 807 1 0.0 0.0 0.0 -0.55
1614 807 1 0.0 0.0 0.0 0.55
1615 808 1 0.0 0.0 0.0 -0.55
1616 808 1 0.0 0.0 0.0 0.55
1617 809 1 0.0 0.0 0.0 -0.55
1618 809 1 0.0 0.0 0.0 0.55
1619 810 1 0.0 0.0 0.0 -0.55
1620 810 1 0.0 0.0 0.0 0.55
1621 811 1 0.0 0.0 0.0 -0.55
1622 811 1 0.0 0.0 0.0 0.55
1623 812 1 0.0 0.0 0.0 -0.55
1624 812 1 0.0 0.0 0.0 0.55
1625 813 1 0.0 0.0 0.0 -0.55
1626 813 1 0.0 0.0 0.0 0.55
1627 814 1 0.0 0.0 0.0 -0.55
1628 814 1 0.0 0.0 0.0 0.55
1629 815 1 0.0 0.0 0.0 -0.55
1630 815 1 0.0 0.0 0.0 0.55
1631 816 1 0.0 0.0 0.0 -0.55
1632 816 1 0.0 0.0 0.0 0.55
1633 817 1 0.0 0.0 0.0 -0.55
1634 817 1 0.0 0.0 0.0 0.55
1635 818 1 0.0 0.0 0.0 -0.55
1636 818 1 0.0 0.0 0.0 0.55
1637 819 1 0.0 0.0 0.0 -0.55
1638 819 1 0.0 0.0 0.0 0.55
1639 820 1 0.0 0.0 0.0 -0.55
1640 820 1 0.0 0.0 0.0 0.55
1641 821 1 0.0 0.0 0.0 -0.55
1642 821 1 0.0 0.0 0.0 0.55
1643 822 1 0.0 0.0 0.0 -0.55
1644 822 1 0.0 0.0 0.0 0.55
1645 823 1 0.0 0.0 0.0 -0.55
1646 823 1 0.0 0.0 0.0 0.55
1647 824 1 0.0 0.0 0.0 -0.55
1648 824 1 0.0 0.0 0.0 0.55
1649 825 1 0.0 0.0 0.0 -0.55
1650 825 1 0.0 0.0 0.0 0.55
1651 826 1 0.0 0.0 0.0 -0.55
1652 826 1 0.0 0.0 0.0 0.55
1653 827 1 0.0 0.0 0.0 -0.55
1654 827 1 0.0 0.0 0.0 0.55
1655 828 1 0.0 0.0 0.0 -0.55
1656 828 1 0.0 0.0 0.0 0.55
1657 829 1 0.0 0.0 0.0 -0.55
1658 829 1 0.0 0.0 0.0 0.55
1659 830 1 0.0 0.0 0.0 -0.55
1660 830 1 0.0 0.0 0.0 0.55
1661 831 1 0.0 0.0 0.0 -0.55
1662 831 1 0.0 0.0 0.0 0.55
1663 832 1 0.0 0.0 0.0 -0.55
1664 832 1 0.0 0.0 0.0 0.55
1665 833 1 0.0 0.0 0.0 -0.55
1666 833 1 0.0 0.0 0.0 0.55
1667 834 1 0.0 0.0 0.0 -0.55
1668 834 1 0.0 0.0 0.0 0.55
1669 835 1 0.0 0.0 0.0 -0.55
1670 835 1 0.0 0.0 0.0 0.55
1671 836 1 0.0 0.0 0.0 -0.55
1672 836 1 0.0 0.0 0.0 0.55
1673 837 1 0.0 0.0 0.0 -0.55
1674 837 1 0.0 0.0 0.0 0.55
1675 838 1 0.0 0.0 0.0 -0.55
1676 838 1 0.0 0.0 0.0 0.55
1677 839 1 0.0 0.0 0.0 -0.55
1678 839 1 0.0 0.0 0.0 0.55
1679 840 1 0.0 0.0 0.0 -0.55
1680 840 1 0.0 0.0 0.0 0.55
1681 841 1 0.0 0.0 0.0 -0.55
1682 841 1 0.0 0.0 0.0 0.55
1683 842 1 0.0 0.0 0.0 -0.55
1684 842 1 0.0 0.0 0.0 0.55
1685 843 1 0.0 0.0 0.0 -0.55
1686 843 1 0.0 0.0 0.0 0.55
1687 844 1 0.0 0.0 0.0 -0.55
1688 844 1 0.0 0.0 0.0 0.55
1689 845 1 0.0 0.0 0.0 -0.55
1690 845 1 0.0 0.0 0.0 0.55
1691 846 1 0.0 0.0 0.0 -0.55
1692 846 1 0.0 0.0 0.0 0.55
1693 847 1 0.0 0.0 0.0 -0.55
1694 847 1 0.0 0.0 0.0 0.55
1695 848 1 0.0 0.0 0.0 -0.55
1696 848 1 0.0 0.0 0.0 0.55
1697 849 1 0.0 0.0 0.0 -0.55
1698 849 1 0.0 0.0 0.0 0.55
1699 850 1 0.0 0.0 0.0 -0.55
1700 850 1 0.0 0.0 0.0 0.55
1701 851 1 0.0 0.0 0.0 -0.55
1702 851 1 0.0 0.0 0.0 0.55
1703 852 1 0.0 0.0 0.0 -0.55
1704 852 1 0.0 0.0 0.0 0.55
1705 853 1 0.0 0.0 0.0 -0.55
1706 853 1 0.0 0.0 0.0 0.55
1707 854 1 0.0 0.0 0.0 -0.55
1708 854 1 0.0 0.0 0.0 0.55
1709 855 1 0.0 0.0 0.0 -0.55
1710 855 1 0.0 0.0 0.0 0.55
1711 856 1 0.0 0.0 0.0 -0.55
1712 856 1 0.0 0.0 0.0 0.55
1713 857 1 0.0 0.0 0.0 -0.55
1714 857 1 0.0 0.0 0.0 0.55
1715 858 1 0.0 0.0 0.0 -0.55
1716 858 1 0.0 0.0 0.0 0.55
1717 859 1 0.0 0.0 0.0 -0.55
1718 859 1 0.0 0.0 0.0 0.55
1719 860 1 0.0 0.0 0.0 -0.55
1720 860 1 0.0 0.0 0.0 0.55
1721 861 1 0.0 0.0 0.0 -0.55
1722 861 1 0.0 0.0 0.0 0.55
1723 862 1 0.0 0.0 0.0 -0.55
1724 862 1 0.0 0.0 0.0 0.55
1725 863 1 0.0 0.0 0.0 -0.55
1726 863 1 0.0 0.0 0.0 0.55
1727 864 1 0.0 0.0 0.0 -0.55
1728 864 1 0.0 0.0 0.0 0.55
1729 865 1 0.0 0.0 0.0 -0.55
1730 865 1 0.0 0.0 0.0 0.55
1731 866 1 0.0 0.0 0.0 -0.55
1732 866 1 0.0 0.0 0.0 0.55
1733 867 1 0.0 0.0 0.0 -0.55
1734 867 1 0.0 0.0 0.0 0.55
1735 868 1 0.0 0.0 0.0 -0.55
1736 868 1 0.0 0.0 0.0 0.55
1737 869 1 0.0 0.0 0.0 -0.55
1738 869 1 0.0 0.0 0.0 0.55
1739 870 1 0.0 0.0 0.0 -0.55
1740 870 1 0.0 0.0 0.0 0.55
1741 871 1 0.0 0.0 0.0 -0.55
1742 871 1 0.0 0.0 0.0 0.55
1743 872 1 0.0 0.0 0.0 -0.55
1744 872 1 0.0 0.0 0.0 0.55
1745 873 1 0.0 0.0 0.0 -0.55
1746 873 1 0.0 0.0 0.0 0.55
1747 874 1 0.0 0.0 0.0 -0.55
1748 874 1 0.0 0.0 0.0 0.55
1749 875 1 0.0 0.0 0.0 -0.55
1750 875 1 0.0 0.0 0.0 0.55
1751 876 1 0.0 0.0 0.0 -0.55
1752 876 1 0.0 0.0 0.0 0.55
1753 877 1 0.0 0.0 0.0 -0.55
1754 877 1 0.0 0.0 0.0 0.55
1755 878 1 0.0 0.0 0.0 -0.55
1756 878 1 0.0 0.0 0.0 0.55
1757 879 1 0.0 0.0 0.0 -0.55
1758 879 1 0.0 0.0 0.0 0.55
1759 880 1 0.0 0.0 0.0 -0.55
1760 880 1 0.0 0.0 0.0 0.55
1761 881 992 0.0 0.0 0.0 0.0
1762 881 994 0.0 0.631 0.631 0.631
1763 881 994 0.0 0.631 -0.631 -0.631
1764 881 994 0.0 -0.631 0.631 -0.631
1765 882 992 0.0 16.83 0.0 0.0
1766 882 994 0.0 17.461 0.631 0.631
1767 882 994 0.0 17.461 -0.631 -0.631
1768 882 994 0.0 16.198999999999998 0.631 -0.631
1769 883 993 0.0 1.53 0.0 0.0
1770 883 995 0.0 2.161 0.892 0.0
1771 883 995 0.0 2.161 -0.892 0.0
1772 884 993 0.0 3.06 0.0 0.0
1773 884 995 0.0 3.691 0.892 0.0
1774 884 995 0.0 3.691 -0.892 0.0
1775 885 993 0.0 4.59 0.0 0.0
1776 885 995 0.0 5.221 0.892 0.0
1777 885 995 0.0 5.221 -0.892 0.0
1778 886 993 0.0 6.12 0.0 0.0
1779 886 995 0.0 6.751 0.892 0.0
1780 886 995 0.0 6.751 -0.892 0.0
1781 887 993 0.0 7.65 0.0 0.0
1782 887 995 0.0 8.281 0.892 0.0
1783 887 995 0.0 8.281 -0.892 0.0
1784 888 993 0.0 9.18 0.0 0.0
1785 888 995 0.0 9.811 0.892 0.0
1786 888 995 0.0 9.811 -0.892 0.0
1787 889 993 0.0 10.71 0.0 0.0
1788 889 995 0.0 11.341000000000001 0.892 0.0
1789 889 995 0.0 11.341000000000001 -0.892 0.0
1790 890 993 0.0 12.24 0.0 0.0
1791 890 995 0.0 12.871 0.892 0.0
1792 890 995 0.0 12.871 -0.892 0.0
1793 891 993 0.0 13.77 0.0 0.0
1794 891 995 0.0 14.401 0.892 0.0
1795 891 995 0.0 14.401 -0.892 0.0
1796 892 993 0.0 15.3 0.0 0.0
1797 892 995 0.0 15.931000000000001 0.892 0.0
1798 892 995 0.0 15.931000000000001 -0.892 0.0
1799 893 992 0.0 0.0 0.0 0.0
1800 893 994 0.0 0.631 0.631 0.631
1801 893 994 0.0 0.631 -0.631 -0.631
1802 893 994 0.0 -0.631 0.631 -0.631
1803 894 992 0.0 16.83 0.0 0.0
1804 894 994 0.0 17.461 0.631 0.631
1805 894 994 0.0 17.461 -0.631 -0.631
1806 894 994 0.0 16.198999999999998 0.631 -0.631
1807 895 993 0.0 1.53 0.0 0.0
1808 895 995 0.0 2.161 0.892 0.0
1809 895 995 0.0 2.161 -0.892 0.0
1810 896 993 0.0 3.06 0.0 0.0
1811 896 995 0.0 3.691 0.892 0.0
1812 896 995 0.0 3.691 -0.892 0.0
1813 897 993 0.0 4.59 0.0 0.0
1814 897 995 0.0 5.221 0.892 0.0
1815 897 995 0.0 5.221 -0.892 0.0
1816 898 993 0.0 6.12 0.0 0.0
1817 898 995 0.0 6.751 0.892 0.0
1818 898 995 0.0 6.751 -0.892 0.0
1819 899 993 0.0 7.65 0.0 0.0
1820 899 995 0.0 8.281 0.892 0.0
1821 899 995 0.0 8.281 -0.892 0.0
1822 900 993 0.0 9.18 0.0 0.0
1823 900 995 0.0 9.811 0.892 0.0
1824 900 995 0.0 9.811 -0.892 0.0
1825 901 993 0.0 10.71 0.0 0.0
1826 901 995 0.0 11.341000000000001 0.892 0.0
1827 901 995 0.0 11.341000000000001 -0.892 0.0
1828 902 993 0.0 12.24 0.0 0.0
1829 902 995 0.0 12.871 0.892 0.0
1830 902 995 0.0 12.871 -0.892 0.0
1831 903 993 0.0 13.77 0.0 0.0
1832 903 995 0.0 14.401 0.892 0.0
1833 903 995 0.0 14.401 -0.892 0.0
1834 904 993 0.0 15.3 0.0 0.0
1835 904 995 0.0 15.931000000000001 0.892 0.0
1836 904 995 0.0 15.931000000000001 -0.892 0.0
1837 905 992 0.0 0.0 0.0 0.0
1838 905 994 0.0 0.631 0.631 0.631
1839 905 994 0.0 0.631 -0.631 -0.631
1840 905 994 0.0 -0.631 0.631 -0.631
1841 906 992 0.0 16.83 0.0 0.0
1842 906 994 0.0 17.461 0.631 0.631
1843 906 994 0.0 17.461 -0.631 -0.631
1844 906 994 0.0 16.198999999999998 0.631 -0.631
1845 907 993 0.0 1.53 0.0 0.0
1846 907 995 0.0 2.161 0.892 0.0
1847 907 995 0.0 2.161 -0.892 0.0
1848 908 993 0.0 3.06 0.0 0.0
1849 908 995 0.0 3.691 0.892 0.0
1850 908 995 0.0 3.691 -0.892 0.0
1851 909 993 0.0 4.59 0.0 0.0
1852 909 995 0.0 5.221 0.892 0.0
1853 909 995 0.0 5.221 -0.892 0.0
1854 910 993 0.0 6.12 0.0 0.0
1855 910 995 0.0 6.751 0.892 0.0
1856 910 995 0.0 6.751 -0.892 0.0
1857 911 993 0.0 7.65 0.0 0.0
1858 911 995 0.0 8.281 0.892 0.0
1859 911 995 0.0 8.281 -0.892 0.0
1860 912 993 0.0 9.18 0.0 0.0
1861 912 995 0.0 9.811 0.892 0.0
1862 912 995 0.0 9.811 -0.892 0.0
1863 913 993 0.0 10.71 0.0 0.0
1864 913 995 0.0 11.341000000000001 0.892 0.0
1865 913 995 0.0 11.341000000000001 -0.892 0.0
1866 914 993 0.0 12.24 0.0 0.0
1867 914 995 0.0 12.871 0.892 0.0
1868 914 995 0.0 12.871 -0.892 0.0
1869 915 993 0.0 13.77 0.0 0.0
1870 915 995 0.0 14.401 0.892 0.0
1871 915 995 0.0 14.401 -0.892 0.0
1872 916 993 0.0 15.3 0.0 0.0
1873 916 995 0.0 15.931000000000001 0.892 0.0
1874 916 995 0.0 15.931000000000001 -0.892 0.0
1875 917 992 0.0 0.0 0.0 0.0
1876 917 994 0.0 0.631 0.631 0.631
1877 917 994 0.0 0.631 -0.631 -0.631
1878 917 994 0.0 -0.631 0.631 -0.631
1879 918 992 0.0 16.83 0.0 0.0
1880 918 994 0.0 17.461 0.631 0.631
1881 918 994 0.0 17.461 -0.631 -0.631
1882 918 994 0.0 16.198999999999998 0.631 -0.631
1883 919 993 0.0 1.53 0.0 0.0
1884 919 995 0.0 2.161 0.892 0.0
1885 919 995 0.0 2.161 -0.892 0.0
1886 920 993 0.0 3.06 0.0 0.0
1887 920 995 0.0 3.691 0.892 0.0
1888 920 995 0.0 3.691 -0.892 0.0
1889 921 993 0.0 4.59 0.0 0.0
1890 921 995 0.0 5.221 0.892 0.0
1891 921 995 0.0 5.221 -0.892 0.0
1892 922 993 0.0 6.12 0.0 0.0
1893 922 995 0.0 6.751 0.892 0.0
1894 922 995 0.0 6.751 -0.892 0.0
1895 923 993 0.0 7.65 0.0 0.0
1896 923 995 0.0 8.281 0.892 0.0
1897 923 995 0.0 8.281 -0.892 0.0
1898 924 993 0.0 9.18 0.0 0.0
1899 924 995 0.0 9.811 0.892 0.0
1900 924 995 0.0 9.811 -0.892 0.0
1901 925 993 0.0 10.71 0.0 0.0
1902 925 995 0.0 11.341000000000001 0.892 0.0
1903 925 995 0.0 11.341000000000001 -0.892 0.0
1904 926 993 0.0 12.24 0.0 0.0
1905 926 995 0.0 12.871 0.892 0.0
1906 926 995 0.0 12.871 -0.892 0.0
1907 927 993 0.0 13.77 0.0 0.0
1908 927 995 0.0 14.401 0.892 0.0
1909 927 995 0.0 14.401 -0.892 0.0
1910 928 993 0.0 15.3 0.0 0.0
1911 928 995 0.0 15.931000000000001 0.892 0.0
1912 928 995 0.0 15.931000000000001 -0.892 0.0
1913 929 992 0.0 0.0 0.0 0.0
1914 929 994 0.0 0.631 0.631 0.631
1915 929 994 0.0 0.631 -0.631 -0.631
1916 929 994 0.0 -0.631 0.631 -0.631
1917 930 992 0.0 16.83 0.0 0.0
1918 930 994 0.0 17.461 0.631 0.631
1919 930 994 0.0 17.461 -0.631 -0.631
1920 930 994 0.0 16.198999999999998 0.631 -0.631
1921 931 993 0.0 1.53 0.0 0.0
1922 931 995 0.0 2.161 0.892 0.0
1923 931 995 0.0 2.161 -0.892 0.0
1924 932 993 0.0 3.06 0.0 0.0
1925 932 995 0.0 3.691 0.892 0.0
1926 932 995 0.0 3.691 -0.892 0.0
1927 933 993 0.0 4.59 0.0 0.0
1928 933 995 0.0 5.221 0.892 0.0
1929 933 995 0.0 5.221 -0.892 0.0
1930 934 993 0.0 6.12 0.0 0.0
1931 934 995 0.0 6.751 0.892 0.0
1932 934 995 0.0 6.751 -0.892 0.0
1933 935 993 0.0 7.65 0.0 0.0
1934 935 995 0.0 8.281 0.892 0.0
1935 935 995 0.0 8.281 -0.892 0.0
1936 936 993 0.0 9.18 0.0 0.0
1937 936 995 0.0 9.811 0.892 0.0
1938 936 995 0.0 9.811 -0.892 0.0
1939 937 993 0.0 10.71 0.0 0.0
1940 937 995 0.0 11.341000000000001 0.892 0.0
1941 937 995 0.0 11.341000000000001 -0.892 0.0
1942 938 993 0.0 12.24 0.0 0.0
1943 938 995 0.0 12.871 0.892 0.0
1944 938 995 0.0 12.871 -0.892 0.0
1945 939 993 0.0 13.77 0.0 0.0
1946 939 995 0.0 14.401 0.892 0.0
1947 939 995 0.0 14.401 -0.892 0.0
1948 940 993 0.0 15.3 0.0 0.0
1949 940 995 0.0 15.931000000000001 0.892 0.0
1950 940 995 0.0 15.931000000000001 -0.892 0.0
1951 941 992 0.0 0.0 0.0 0.0
1952 941 994 0.0 0.631 0.631 0.631
1953 941 994 0.0 0.631 -0.631 -0.631
1954 941 994 0.0 -0.631 0.631 -0.631
1955 942 992 0.0 16.83 0.0 0.0
1956 942 994 0.0 17.461 0.631 0.631
1957 942 994 0.0 17.461 -0.631 -0.631
1958 942 994 0.0 16.198999999999998 0.631 -0.631
1959 943 993 0.0 1.53 0.0 0.0
1960 943 995 0.0 2.161 0.892 0.0
1961 943 995 0.0 2.161 -0.892 0.0
1962 944 993 0.0 3.06 0.0 0.0
1963 944 995 0.0 3.691 0.892 0.0
1964 944 995 0.0 3.691 -0.892 0.0
1965 945 993 0.0 4.59 0.0 0.0
1966 945 995 0.0 5.221 0.892 0.0
1967 945 995 0.0 5.221 -0.892 0.0
1968 946 993 0.0 6.12 0.0 0.0
1969 946 995 0.0 6.751 0.892 0.0
1970 946 995 0.0 6.751 -0.892 0.0
1971 947 993 0.0 7.65 0.0 0.0
1972 947 995 0.0 8.281 0.892 0.0
1973 947 995 0.0 8.281 -0.892 0.0
1974 948 993 0.0 9.18 0.0 0.0
1975 948 995 0.0 9.811 0.892 0.0
1976 948 995 0.0 9.811 -0.892 0.0
1977 949 993 0.0 10.71 0.0 0.0
1978 949 995 0.0 11.341000000000001 0.892 0.0
1979 949 995 0.0 11.341000000000001 -0.892 0.0
1980 950 993 0.0 12.24 0.0 0.0
1981 950 995 0.0 12.871 0.892 0.0
1982 950 995 0.0 12.871 -0.892 0.0
1983 951 993 0.0 13.77 0.0 0.0
1984 951 995 0.0 14.401 0.892 0.0
1985 951 995 0.0 14.401 -0.892 0.0
1986 952 993 0.0 15.3 0.0 0.0
1987 952 995 0.0 15.931000000000001 0.892 0.0
1988 952 995 0.0 15.931000000000001 -0.892 0.0
1989 953 992 0.0 0.0 0.0 0.0
1990 953 994 0.0 0.631 0.631 0.631
1991 953 994 0.0 0.631 -0.631 -0.631
1992 953 994 0.0 -0.631 0.631 -0.631
1993 954 992 0.0 16.83 0.0 0.0
1994 954 994 0.0 17.461 0.631 0.631
1995 954 994 0.0 17.461 -0.631 -0.631
1996 954 994 0.0 16.198999999999998 0.631 -0.631
1997 955 993 0.0 1.53 0.0 0.0
1998 955 995 0.0 2.161 0.892 0.0
1999 955 995 0.0 2.161 -0.892 0.0
2000 956 993 0.0 3.06 0.0 0.0
2001 956 995 0.0 3.691 0.892 0.0
2002 956 995 0.0 3.691 -0.892 0.0
2003 957 993 0.0 4.59 0.0 0.0
2004 957 995 0.0 5.221 0.892 0.0
2005 957 995 0.0 5.221 -0.892 0.0
2006 958 993 0.0 6.12 0.0 0.0
2007 958 995 0.0 6.751 0.892 0.0
2008 958 995 0.0 6.751 -0.892 0.0
2009 959 993 0.0 7.65 0.0 0.0
2010 959 995 0.0 8.281 0.892 0.0
2011 959 995 0.0 8.281 -0.892 0.0
2012 960 993 0.0 9.18 0.0 0.0
2013 960 995 0.0 9.811 0.892 0.0
2014 960 995 0.0 9.811 -0.892 0.0
2015 961 993 0.0 10.71 0.0 0.0
2016 961 995 0.0 11.341000000000001 0.892 0.0
2017 961 995 0.0 11.341000000000001 -0.892 0.0
2018 962 993 0.0 12.24 0.0 0.0
2019 962 995 0.0 12.871 0.892 0.0
2020 962 995 0.0 12.871 -0.892 0.0
2021 963 993 0.0 13.77 0.0 0.0
2022 963 995 0.0 14.401 0.892 0.0
2023 963 995 0.0 14.401 -0.892 0.0
2024 964 993 0.0 15.3 0.0 0.0
2025 964 995 0.0 15.931000000000001 0.892 0.0
2026 964 995 0.0 15.931000000000001 -0.892 0.0
2027 965 992 0.0 0.0 0.0 0.0
2028 965 994 0.0 0.631 0.631 0.631
2029 965 994 0.0 0.631 -0.631 -0.631
2030 965 994 0.0 -0.631 0.631 -0.631
2031 966 992 0.0 16.83 0.0 0.0
2032 966 994 0.0 17.461 0.631 0.631
2033 966 994 0.0 17.461 -0.631 -0.631
2034 966 994 0.0 16.198999999999998 0.631 -0.631
2035 967 993 0.0 1.53 0.0 0.0
2036 967 995 0.0 2.161 0.892 0.0
2037 967 995 0.0 2.161 -0.892 0.0
2038 968 993 0.0 3.06 0.0 0.0
2039 968 995 0.0 3.691 0.892 0.0
2040 968 995 0.0 3.691 -0.892 0.0
2041 969 993 0.0 4.59 0.0 0.0
2042 969 995 0.0 5.221 0.892 0.0
2043 969 995 0.0 5.221 -0.892 0.0
2044 970 993 0.0 6.12 0.0 0.0
2045 970 995 0.0 6.751 0.892 0.0
2046 970 995 0.0 6.751 -0.892 0.0
2047 971 993 0.0 7.65 0.0 0.0
2048 971 995 0.0 8.281 0.892 0.0
2049 971 995 0.0 8.281 -0.892 0.0
2050 972 993 0.0 9.18 0.0 0.0
2051 972 995 0.0 9.811 0.892 0.0
2052 972 995 0.0 9.811 -0.892 0.0
2053 973 993 0.0 10.71 0.0 0.0
2054 973 995 0.0 11.341000000000001 0.892 0.0
2055 973 995 0.0 11.341000000000001 -0.892 0.0
2056 974 993 0.0 12.24 0.0 0.0
2057 974 995 0.0 12.871 0.892 0.0
2058 974 995 0.0 12.871 -0.892 0.0
2059 975 993 0.0 13.77 0.0 0.0
2060 975 995 0.0 14.401 0.892 0.0
2061 975 995 0.0 14.401 -0.892 0.0
2062 976 993 0.0 15.3 0.0 0.0
2063 976 995 0.0 15.931000000000001 0.892 0.0
2064 976 995 0.0 15.931000000000001 -0.892 0.0
2065 977 992 0.0 0.0 0.0 0.0
2066 977 994 0.0 0.631 0.631 0.631
2067 977 994 0.0 0.631 -0.631 -0.631
2068 977 994 0.0 -0.631 0.631 -0.631
2069 978 992 0.0 16.83 0.0 0.0
2070 978 994 0.0 17.461 0.631 0.631
2071 978 994 0.0 17.461 -0.631 -0.631
2072 978 994 0.0 16.198999999999998 0.631 -0.631
2073 979 993 0.0 1.53 0.0 0.0
2074 979 995 0.0 2.161 0.892 0.0
2075 979 995 0.0 2.161 -0.892 0.0
2076 980 993 0.0 3.06 0.0 0.0
2077 980 995 0.0 3.691 0.892 0.0
2078 980 995 0.0 3.691 -0.892 0.0
2079 981 993 0.0 4.59 0.0 0.0
2080 981 995 0.0 5.221 0.892 0.0
2081 981 995 0.0 5.221 -0.892 0.0
2082 982 993 0.0 6.12 0.0 0.0
2083 982 995 0.0 6.751 0.892 0.0
2084 982 995 0.0 6.751 -0.892 0.0
2085 983 993 0.0 7.65 0.0 0.0
2086 983 995 0.0 8.281 0.892 0.0
2087 983 995 0.0 8.281 -0.892 0.0
2088 984 993 0.0 9.18 0.0 0.0
2089 984 995 0.0 9.811 0.892 0.0
2090 984 995 0.0 9.811 -0.892 0.0
2091 985 993 0.0 10.71 0.0 0.0
2092 985 995 0.0 11.341000000000001 0.892 0.0
2093 985 995 0.0 11.341000000000001 -0.892 0.0
2094 986 993 0.0 12.24 0.0 0.0
2095 986 995 0.0 12.871 0.892 0.0
2096 986 995 0.0 12.871 -0.892 0.0
2097 987 993 0.0 13.77 0.0 0.0
2098 987 995 0.0 14.401 0.892 0.0
2099 987 995 0.0 14.401 -0.892 0.0
2100 988 993 0.0 15.3 0.0 0.0
2101 988 995 0.0 15.931000000000001 0.892 0.0
2102 988 995 0.0 15.931000000000001 -0.892 0.0
2103 989 992 0.0 0.0 0.0 0.0
2104 989 994 0.0 0.631 0.631 0.631
2105 989 994 0.0 0.631 -0.631 -0.631
2106 989 994 0.0 -0.631 0.631 -0.631
2107 990 992 0.0 16.83 0.0 0.0
2108 990 994 0.0 17.461 0.631 0.631
2109 990 994 0.0 17.461 -0.631 -0.631
2110 990 994 0.0 16.198999999999998 0.631 -0.631
2111 991 993 0.0 1.53 0.0 0.0
2112 991 995 0.0 2.161 0.892 0.0
2113 991 995 0.0 2.161 -0.892 0.0
2114 992 993 0.0 3.06 0.0 0.0
2115 992 995 0.0 3.691 0.892 0.0
2116 992 995 0.0 3.691 -0.892 0.0
2117 993 993 0.0 4.59 0.0 0.0
2118 993 995 0.0 5.221 0.892 0.0
2119 993 995 0.0 5.221 -0.892 0.0
2120 994 993 0.0 6.12 0.0 0.0
2121 994 995 0.0 6.751 0.892 0.0
2122 994 995 0.0 6.751 -0.892 0.0
2123 995 993 0.0 7.65 0.0 0.0
2124 995 995 0.0 8.281 0.892 0.0
2125 995 995 0.0 8.281 -0.892 0.0
2126 996 993 0.0 9.18 0.0 0.0
2127 996 995 0.0 9.811 0.892 0.0
2128 996 995 0.0 9.811 -0.892 0.0
2129 997 993 0.0 10.71 0.0 0.0
2130 997 995 0.0 11.341000000000001 0.892 0.0
2131 997 995 0.0 11.341000000000001 -0.892 0.0
2132 998 993 0.0 12.24 0.0 0.0
2133 998 995 0.0 12.871 0.892 0.0
2134 998 995 0.0 12.871 -0.892 0.0
2135 999 993 0.0 13.77 0.0 0.0
2136 999 995 0.0 14.401 0.892 0.0
2137 999 995 0.0 14.401 -0.892 0.0
2138 1000 993 0.0 15.3 0.0 0.0
2139 1000 995 0.0 15.931000000000001 0.892 0.0
2140 1000 995 0.0 15.931000000000001 -0.892 0.0
