881 228 1761 1762
882 228 1761 1763
883 228 1761 1764
884 228 1765 1766
885 228 1765 1767
886 228 1765 1768
887 228 1769 1770
888 228 1769 1771
889 228 1772 1773
890 228 1772 1774
891 228 1775 1776
892 228 1775 1777
893 228 1778 1779
894 228 1778 1780
895 228 1781 1782
896 228 1781 1783
897 228 1784 1785
898 228 1784 1786
899 228 1787 1788
900 228 1787 1789
901 228 1790 1791
902 228 1790 1792
903 228 1793 1794
904 228 1793 1795
905 228 1796 1797
906 228 1796 1798
907 223 1761 1769
908 223 1769 1772
909 223 1772 1775
910 223 1775 1778
911 223 1778 1781
912 223 1781 1784
913 223 1784 1787
914 223 1787 1790
915 223 1790 1793
916 223 1793 1796
917 223 1765 1796
918 228 1799 1800
919 228 1799 1801
920 228 1799 1802
921 228 1803 1804
922 228 1803 1805
923 228 1803 1806
924 228 1807 1808
925 228 1807 1809
926 228 1810 1811
927 228 1810 1812
928 228 1813 1814
929 228 1813 1815
930 228 1816 1817
931 228 1816 1818
932 228 1819 1820
933 228 1819 1821
934 228 1822 1823
935 228 1822 1824
936 228 1825 1826
937 228 1825 1827
938 228 1828 1829
939 228 1828 1830
940 228 1831 1832
941 228 1831 1833
942 228 1834 1835
943 228 1834 1836
944 223 1799 1807
945 223 1807 1810
946 223 1810 1813
947 223 1813 1816
948 223 1816 1819
949 223 1819 1822
950 223 1822 1825
951 223 1825 1828
952 223 1828 1831
953 223 1831 1834
954 223 1803 1834
955 228 1837 1838
956 228 1837 1839
957 228 1837 1840
958 228 1841 1842
959 228 1841 1843
960 228 1841 1844
961 228 1845 1846
962 228 1845 1847
963 228 1848 1849
964 228 1848 1850
965 228 1851 1852
966 228 1851 1853
967 228 1854 1855
968 228 1854 1856
969 228 1857 1858
970 228 1857 1859
971 228 1860 1861
972 228 1860 1862
973 228 1863 1864
974 228 1863 1865
975 228 1866 1867
976 228 1866 1868
977 228 1869 1870
978 228 1869 1871
979 228 1872 1873
980 228 1872 1874
981 223 1837 1845
982 223 1845 1848
983 223 1848 1851
984 223 1851 1854
985 223 1854 1857
986 223 1857 1860
987 223 1860 1863
988 223 1863 1866
989 223 1866 1869
990 223 1869 1872
991 223 1841 1872
992 228 1875 1876
993 228 1875 1877
994 228 1875 1878
995 228 1879 1880
996 228 1879 1881
997 228 1879 1882
998 228 1883 1884
999 228 1883 1885
1000 228 1886 1887
1001 228 1886 1888
1002 228 1889 1890
1003 228 1889 1891
1004 228 1892 1893
1005 228 1892 1894
1006 228 1895 1896
1007 228 1895 1897
1008 228 1898 1899
1009 228 1898 1900
1010 228 1901 1902
1011 228 1901 1903
1012 228 1904 1905
1013 228 1904 1906
1014 228 1907 1908
1015 228 1907 1909
1016 228 1910 1911
1017 228 1910 1912
1018 223 1875 1883
1019 223 1883 1886
1020 223 1886 1889
1021 223 1889 1892
1022 223 1892 1895
1023 223 1895 1898
1024 223 1898 1901
1025 223 1901 1904
1026 223 1904 1907
1027 223 1907 1910
1028 223 1879 1910
1029 228 1913 1914
1030 228 1913 1915
1031 228 1913 1916
1032 228 1917 1918
1033 228 1917 1919
1034 228 1917 1920
1035 228 1921 1922
1036 228 1921 1923
1037 228 1924 1925
1038 228 1924 1926
1039 228 1927 1928
1040 228 1927 1929
1041 228 1930 1931
1042 228 1930 1932
1043 228 1933 1934
1044 228 1933 1935
1045 228 1936 1937
1046 228 1936 1938
1047 228 1939 1940
1048 228 1939 1941
1049 228 1942 1943
1050 228 1942 1944
1051 228 1945 1946
1052 228 1945 1947
1053 228 1948 1949
1054 228 1948 1950
1055 223 1913 1921
1056 223 1921 1924
1057 223 1924 1927
1058 223 1927 1930
1059 223 1930 1933
1060 223 1933 1936
1061 223 1936 1939
1062 223 1939 1942
1063 223 1942 1945
1064 223 1945 1948
1065 223 1917 1948
1066 228 1951 1952
1067 228 1951 1953
1068 228 1951 1954
1069 228 1955 1956
1070 228 1955 1957
1071 228 1955 1958
1072 228 1959 1960
1073 228 1959 1961
1074 228 1962 1963
1075 228 1962 1964
1076 228 1965 1966
1077 228 1965 1967
1078 228 1968 1969
1079 228 1968 1970
1080 228 1971 1972
1081 228 1971 1973
1082 228 1974 1975
1083 228 1974 1976
1084 228 1977 1978
1085 228 1977 1979
1086 228 1980 1981
1087 228 1980 1982
1088 228 1983 1984
1089 228 1983 1985
1090 228 1986 1987
1091 228 1986 1988
1092 223 1951 1959
1093 223 1959 1962
1094 223 1962 1965
1095 223 1965 1968
1096 223 1968 1971
1097 223 1971 1974
1098 223 1974 1977
1099 223 1977 1980
1100 223 1980 1983
1101 223 1983 1986
1102 223 1955 1986
1103 228 1989 1990
1104 228 1989 1991
1105 228 1989 1992
1106 228 1993 1994
1107 228 1993 1995
1108 228 1993 1996
1109 228 1997 1998
1110 228 1997 1999
1111 228 2000 2001
1112 228 2000 2002
1113 228 2003 2004
1114 228 2003 2005
1115 228 2006 2007
1116 228 2006 2008
1117 228 2009 2010
1118 228 2009 2011
1119 228 2012 2013
1120 228 2012 2014
1121 228 2015 2016
1122 228 2015 2017
1123 228 2018 2019
1124 228 2018 2020
1125 228 2021 2022
1126 228 2021 2023
1127 228 2024 2025
1128 228 2024 2026
1129 223 1989 1997
1130 223 1997 2000
1131 223 2000 2003
1132 223 2003 2006
1133 223 2006 2009
1134 223 2009 2012
1135 223 2012 2015
1136 223 2015 2018
1137 223 2018 2021
1138 223 2021 2024
1139 223 1993 2024
1140 228 2027 2028
1141 228 2027 2029
1142 228 2027 2030
1143 228 2031 2032
1144 228 2031 2033
1145 228 2031 2034
1146 228 2035 2036
1147 228 2035 2037
1148 228 2038 2039
1149 228 2038 2040
1150 228 2041 2042
1151 228 2041 2043
1152 228 2044 2045
1153 228 2044 2046
1154 228 2047 2048
1155 228 2047 2049
1156 228 2050 2051
1157 228 2050 2052
1158 228 2053 2054
1159 228 2053 2055
1160 228 2056 2057
1161 228 2056 2058
1162 228 2059 2060
1163 228 2059 2061
1164 228 2062 2063
1165 228 2062 2064
1166 223 2027 2035
1167 223 2035 2038
1168 223 2038 2041
1169 223 2041 2044
1170 223 2044 2047
1171 223 2047 2050
1172 223 2050 2053
1173 223 2053 2056
1174 223 2056 2059
1175 223 2059 2062
1176 223 2031 2062
1177 228 2065 2066
1178 228 2065 2067
1179 228 2065 2068
1180 228 2069 2070
1181 228 2069 2071
1182 228 2069 2072
1183 228 2073 2074
1184 228 2073 2075
1185 228 2076 2077
1186 228 2076 2078
1187 228 2079 2080
1188 228 2079 2081
1189 228 2082 2083
1190 228 2082 2084
1191 228 2085 2086
1192 228 2085 2087
1193 228 2088 2089
1194 228 2088 2090
1195 228 2091 2092
1196 228 2091 2093
1197 228 2094 2095
1198 228 2094 2096
1199 228 2097 2098
1200 228 2097 2099
1201 228 2100 2101
1202 228 2100 2102
1203 223 2065 2073
1204 223 2073 2076
1205 223 2076 2079
1206 223 2079 2082
1207 223 2082 2085
1208 223 2085 2088
1209 223 2088 2091
1210 223 2091 2094
1211 223 2094 2097
1212 223 2097 2100
1213 223 2069 2100
1214 228 2103 2104
1215 228 2103 2105
1216 228 2103 2106
1217 228 2107 2108
1218 228 2107 2109
1219 228 2107 2110
1220 228 2111 2112
1221 228 2111 2113
1222 228 2114 2115
1223 228 2114 2116
1224 228 2117 2118
1225 228 2117 2119
1226 228 2120 2121
1227 228 2120 2122
1228 228 2123 2124
1229 228 2123 2125
1230 228 2126 2127
1231 228 2126 2128
1232 228 2129 2130
1233 228 2129 2131
1234 228 2132 2133
1235 228 2132 2134
1236 228 2135 2136
1237 228 2135 2137
1238 228 2138 2139
1239 228 2138 2140
1240 223 2103 2111
1241 223 2111 2114
1242 223 2114 2117
1243 223 2117 2120
1244 223 2120 2123
1245 223 2123 2126
1246 223 2126 2129
1247 223 2129 2132
1248 223 2132 2135
1249 223 2135 2138
1250 223 2107 2138
1 1 1 2
2 1 3 4
3 1 5 6
4 1 7 8
5 1 9 10
6 1 11 12
7 1 13 14
8 1 15 16
9 1 17 18
10 1 19 20
11 1 21 22
12 1 23 24
13 1 25 26
14 1 27 28
15 1 29 30
16 1 31 32
17 1 33 34
18 1 35 36
19 1 37 38
20 1 39 40
21 1 41 42
22 1 43 44
23 1 45 46
24 1 47 48
25 1 49 50
26 1 51 52
27 1 53 54
28 1 55 56
29 1 57 58
30 1 59 60
31 1 61 62
32 1 63 64
33 1 65 66
34 1 67 68
35 1 69 70
36 1 71 72
37 1 73 74
38 1 75 76
39 1 77 78
40 1 79 80
41 1 81 82
42 1 83 84
43 1 85 86
44 1 87 88
45 1 89 90
46 1 91 92
47 1 93 94
48 1 95 96
49 1 97 98
50 1 99 100
51 1 101 102
52 1 103 104
53 1 105 106
54 1 107 108
55 1 109 110
56 1 111 112
57 1 113 114
58 1 115 116
59 1 117 118
60 1 119 120
61 1 121 122
62 1 123 124
63 1 125 126
64 1 127 128
65 1 129 130
66 1 131 132
67 1 133 134
68 1 135 136
69 1 137 138
70 1 139 140
71 1 141 142
72 1 143 144
73 1 145 146
74 1 147 148
75 1 149 150
76 1 151 152
77 1 153 154
78 1 155 156
79 1 157 158
80 1 159 160
81 1 161 162
82 1 163 164
83 1 165 166
84 1 167 168
85 1 169 170
86 1 171 172
87 1 173 174
88 1 175 176
89 1 177 178
90 1 179 180
91 1 181 182
92 1 183 184
93 1 185 186
94 1 187 188
95 1 189 190
96 1 191 192
97 1 193 194
98 1 195 196
99 1 197 198
100 1 199 200
101 1 201 202
102 1 203 204
103 1 205 206
104 1 207 208
105 1 209 210
106 1 211 212
107 1 213 214
108 1 215 216
109 1 217 218
110 1 219 220
111 1 221 222
112 1 223 224
113 1 225 226
114 1 227 228
115 1 229 230
116 1 231 232
117 1 233 234
118 1 235 236
119 1 237 238
120 1 239 240
121 1 241 242
122 1 243 244
123 1 245 246
124 1 247 248
125 1 249 250
126 1 251 252
127 1 253 254
128 1 255 256
129 1 257 258
130 1 259 260
131 1 261 262
132 1 263 264
133 1 265 266
134 1 267 268
135 1 269 270
136 1 271 272
137 1 273 274
138 1 275 276
139 1 277 278
140 1 279 280
141 1 281 282
142 1 283 284
143 1 285 286
144 1 287 288
145 1 289 290
146 1 291 292
147 1 293 294
148 1 295 296
149 1 297 298
150 1 299 300
151 1 301 302
152 1 303 304
153 1 305 306
154 1 307 308
155 1 309 310
156 1 311 312
157 1 313 314
158 1 315 316
159 1 317 318
160 1 319 320
161 1 321 322
162 1 323 324
163 1 325 326
164 1 327 328
165 1 329 330
166 1 331 332
167 1 333 334
168 1 335 336
169 1 337 338
170 1 339 340
171 1 341 342
172 1 343 344
173 1 345 346
174 1 347 348
175 1 349 350
176 1 351 352
177 1 353 354
178 1 355 356
179 1 357 358
180 1 359 360
181 1 361 362
182 1 363 364
183 1 365 366
184 1 367 368
185 1 369 370
186 1 371 372
187 1 373 374
188 1 375 376
189 1 377 378
190 1 379 380
191 1 381 382
192 1 383 384
193 1 385 386
194 1 387 388
195 1 389 390
196 1 391 392
197 1 393 394
198 1 395 396
199 1 397 398
200 1 399 400
201 1 401 402
202 1 403 404
203 1 405 406
204 1 407 408
205 1 409 410
206 1 411 412
207 1 413 414
208 1 415 416
209 1 417 418
210 1 419 420
211 1 421 422
212 1 423 424
213 1 425 426
214 1 427 428
215 1 429 430
216 1 431 432
217 1 433 434
218 1 435 436
219 1 437 438
220 1 439 440
221 1 441 442
222 1 443 444
223 1 445 446
224 1 447 448
225 1 449 450
226 1 451 452
227 1 453 454
228 1 455 456
229 1 457 458
230 1 459 460
231 1 461 462
232 1 463 464
233 1 465 466
234 1 467 468
235 1 469 470
236 1 471 472
237 1 473 474
238 1 475 476
239 1 477 478
240 1 479 480
241 1 481 482
242 1 483 484
243 1 485 486
244 1 487 488
245 1 489 490
246 1 491 492
247 1 493 494
248 1 495 496
249 1 497 498
250 1 499 500
251 1 501 502
252 1 503 504
253 1 505 506
254 1 507 508
255 1 509 510
256 1 511 512
257 1 513 514
258 1 515 516
259 1 517 518
260 1 519 520
261 1 521 522
262 1 523 524
263 1 525 526
264 1 527 528
265 1 529 530
266 1 531 532
267 1 533 534
268 1 535 536
269 1 537 538
270 1 539 540
271 1 541 542
272 1 543 544
273 1 545 546
274 1 547 548
275 1 549 550
276 1 551 552
277 1 553 554
278 1 555 556
279 1 557 558
280 1 559 560
281 1 561 562
282 1 563 564
283 1 565 566
284 1 567 568
285 1 569 570
286 1 571 572
287 1 573 574
288 1 575 576
289 1 577 578
290 1 579 580
291 1 581 582
292 1 583 584
293 1 585 586
294 1 587 588
295 1 589 590
296 1 591 592
297 1 593 594
298 1 595 596
299 1 597 598
300 1 599 600
301 1 601 602
302 1 603 604
303 1 605 606
304 1 607 608
305 1 609 610
306 1 611 612
307 1 613 614
308 1 615 616
309 1 617 618
310 1 619 620
311 1 621 622
312 1 623 624
313 1 625 626
314 1 627 628
315 1 629 630
316 1 631 632
317 1 633 634
318 1 635 636
319 1 637 638
320 1 639 640
321 1 641 642
322 1 643 644
323 1 645 646
324 1 647 648
325 1 649 650
326 1 651 652
327 1 653 654
328 1 655 656
329 1 657 658
330 1 659 660
331 1 661 662
332 1 663 664
333 1 665 666
334 1 667 668
335 1 669 670
336 1 671 672
337 1 673 674
338 1 675 676
339 1 677 678
340 1 679 680
341 1 681 682
342 1 683 684
343 1 685 686
344 1 687 688
345 1 689 690
346 1 691 692
347 1 693 694
348 1 695 696
349 1 697 698
350 1 699 700
351 1 701 702
352 1 703 704
353 1 705 706
354 1 707 708
355 1 709 710
356 1 711 712
357 1 713 714
358 1 715 716
359 1 717 718
360 1 719 720
361 1 721 722
362 1 723 724
363 1 725 726
364 1 727 728
365 1 729 730
366 1 731 732
367 1 733 734
368 1 735 736
369 1 737 738
370 1 739 740
371 1 741 742
372 1 743 744
373 1 745 746
374 1 747 748
375 1 749 750
376 1 751 752
377 1 753 754
378 1 755 756
379 1 757 758
380 1 759 760
381 1 761 762
382 1 763 764
383 1 765 766
384 1 767 768
385 1 769 770
386 1 771 772
387 1 773 774
388 1 775 776
389 1 777 778
390 1 779 780
391 1 781 782
392 1 783 784
393 1 785 786
394 1 787 788
395 1 789 790
396 1 791 792
397 1 793 794
398 1 795 796
399 1 797 798
400 1 799 800
401 1 801 802
402 1 803 804
403 1 805 806
404 1 807 808
405 1 809 810
406 1 811 812
407 1 813 814
408 1 815 816
409 1 817 818
410 1 819 820
411 1 821 822
412 1 823 824
413 1 825 826
414 1 827 828
415 1 829 830
416 1 831 832
417 1 833 834
418 1 835 836
419 1 837 838
420 1 839 840
421 1 841 842
422 1 843 844
423 1 845 846
424 1 847 848
425 1 849 850
426 1 851 852
427 1 853 854
428 1 855 856
429 1 857 858
430 1 859 860
431 1 861 862
432 1 863 864
433 1 865 866
434 1 867 868
435 1 869 870
436 1 871 872
437 1 873 874
438 1 875 876
439 1 877 878
440 1 879 880
441 1 881 882
442 1 883 884
443 1 885 886
444 1 887 888
445 1 889 890
446 1 891 892
447 1 893 894
448 1 895 896
449 1 897 898
450 1 899 900
451 1 901 902
452 1 903 904
453 1 905 906
454 1 907 908
455 1 909 910
456 1 911 912
457 1 913 914
458 1 915 916
459 1 917 918
460 1 919 920
461 1 921 922
462 1 923 924
463 1 925 926
464 1 927 928
465 1 929 930
466 1 931 932
467 1 933 934
468 1 935 936
469 1 937 938
470 1 939 940
471 1 941 942
472 1 943 944
473 1 945 946
474 1 947 948
475 1 949 950
476 1 951 952
477 1 953 954
478 1 955 956
479 1 957 958
480 1 959 960
481 1 961 962
482 1 963 964
483 1 965 966
484 1 967 968
485 1 969 970
486 1 971 972
487 1 973 974
488 1 975 976
489 1 977 978
490 1 979 980
491 1 981 982
492 1 983 984
493 1 985 986
494 1 987 988
495 1 989 990
496 1 991 992
497 1 993 994
498 1 995 996
499 1 997 998
500 1 999 1000
501 1 1001 1002
502 1 1003 1004
503 1 1005 1006
504 1 1007 1008
505 1 1009 1010
506 1 1011 1012
507 1 1013 1014
508 1 1015 1016
509 1 1017 1018
510 1 1019 1020
511 1 1021 1022
512 1 1023 1024
513 1 1025 1026
514 1 1027 1028
515 1 1029 1030
516 1 1031 1032
517 1 1033 1034
518 1 1035 1036
519 1 1037 1038
520 1 1039 1040
521 1 1041 1042
522 1 1043 1044
523 1 1045 1046
524 1 1047 1048
525 1 1049 1050
526 1 1051 1052
527 1 1053 1054
528 1 1055 1056
529 1 1057 1058
530 1 1059 1060
531 1 1061 1062
532 1 1063 1064
533 1 1065 1066
534 1 1067 1068
535 1 1069 1070
536 1 1071 1072
537 1 1073 1074
538 1 1075 1076
539 1 1077 1078
540 1 1079 1080
541 1 1081 1082
542 1 1083 1084
543 1 1085 1086
544 1 1087 1088
545 1 1089 1090
546 1 1091 1092
547 1 1093 1094
548 1 1095 1096
549 1 1097 1098
550 1 1099 1100
551 1 1101 1102
552 1 1103 1104
553 1 1105 1106
554 1 1107 1108
555 1 1109 1110
556 1 1111 1112
557 1 1113 1114
558 1 1115 1116
559 1 1117 1118
560 1 1119 1120
561 1 1121 1122
562 1 1123 1124
563 1 1125 1126
564 1 1127 1128
565 1 1129 1130
566 1 1131 1132
567 1 1133 1134
568 1 1135 1136
569 1 1137 1138
570 1 1139 1140
571 1 1141 1142
572 1 1143 1144
573 1 1145 1146
574 1 1147 1148
575 1 1149 1150
576 1 1151 1152
577 1 1153 1154
578 1 1155 1156
579 1 1157 1158
580 1 1159 1160
581 1 1161 1162
582 1 1163 1164
583 1 1165 1166
584 1 1167 1168
585 1 1169 1170
586 1 1171 1172
587 1 1173 1174
588 1 1175 1176
589 1 1177 1178
590 1 1179 1180
591 1 1181 1182
592 1 1183 1184
593 1 1185 1186
594 1 1187 1188
595 1 1189 1190
596 1 1191 1192
597 1 1193 1194
598 1 1195 1196
599 1 1197 1198
600 1 1199 1200
601 1 1201 1202
602 1 1203 1204
603 1 1205 1206
604 1 1207 1208
605 1 1209 1210
606 1 1211 1212
607 1 1213 1214
608 1 1215 1216
609 1 1217 1218
610 1 1219 1220
611 1 1221 1222
612 1 1223 1224
613 1 1225 1226
614 1 1227 1228
615 1 1229 1230
616 1 1231 1232
617 1 1233 1234
618 1 1235 1236
619 1 1237 1238
620 1 1239 1240
621 1 1241 1242
622 1 1243 1244
623 1 1245 1246
624 1 1247 1248
625 1 1249 1250
626 1 1251 1252
627 1 1253 1254
628 1 1255 1256
629 1 1257 1258
630 1 1259 1260
631 1 1261 1262
632 1 1263 1264
633 1 1265 1266
634 1 1267 1268
635 1 1269 1270
636 1 1271 1272
637 1 1273 1274
638 1 1275 1276
639 1 1277 1278
640 1 1279 1280
641 1 1281 1282
642 1 1283 1284
643 1 1285 1286
644 1 1287 1288
645 1 1289 1290
646 1 1291 1292
647 1 1293 1294
648 1 1295 1296
649 1 1297 1298
650 1 1299 1300
651 1 1301 1302
652 1 1303 1304
653 1 1305 1306
654 1 1307 1308
655 1 1309 1310
656 1 1311 1312
657 1 1313 1314
658 1 1315 1316
659 1 1317 1318
660 1 1319 1320
661 1 1321 1322
662 1 1323 1324
663 1 1325 1326
664 1 1327 1328
665 1 1329 1330
666 1 1331 1332
667 1 1333 1334
668 1 1335 1336
669 1 1337 1338
670 1 1339 1340
671 1 1341 1342
672 1 1343 1344
673 1 1345 1346
674 1 1347 1348
675 1 1349 1350
676 1 1351 1352
677 1 1353 1354
678 1 1355 1356
679 1 1357 1358
680 1 1359 1360
681 1 1361 1362
682 1 1363 1364
683 1 1365 1366
684 1 1367 1368
685 1 1369 1370
686 1 1371 1372
687 1 1373 1374
688 1 1375 1376
689 1 1377 1378
690 1 1379 1380
691 1 1381 1382
692 1 1383 1384
693 1 1385 1386
694 1 1387 1388
695 1 1389 1390
696 1 1391 1392
697 1 1393 1394
698 1 1395 1396
699 1 1397 1398
700 1 1399 1400
701 1 1401 1402
702 1 1403 1404
703 1 1405 1406
704 1 1407 1408
705 1 1409 1410
706 1 1411 1412
707 1 1413 1414
708 1 1415 1416
709 1 1417 1418
710 1 1419 1420
711 1 1421 1422
712 1 1423 1424
713 1 1425 1426
714 1 1427 1428
715 1 1429 1430
716 1 1431 1432
717 1 1433 1434
718 1 1435 1436
719 1 1437 1438
720 1 1439 1440
721 1 1441 1442
722 1 1443 1444
723 1 1445 1446
724 1 1447 1448
725 1 1449 1450
726 1 1451 1452
727 1 1453 1454
728 1 1455 1456
729 1 1457 1458
730 1 1459 1460
731 1 1461 1462
732 1 1463 1464
733 1 1465 1466
734 1 1467 1468
735 1 1469 1470
736 1 1471 1472
737 1 1473 1474
738 1 1475 1476
739 1 1477 1478
740 1 1479 1480
741 1 1481 1482
742 1 1483 1484
743 1 1485 1486
744 1 1487 1488
745 1 1489 1490
746 1 1491 1492
747 1 1493 1494
748 1 1495 1496
749 1 1497 1498
750 1 1499 1500
751 1 1501 1502
752 1 1503 1504
753 1 1505 1506
754 1 1507 1508
755 1 1509 1510
756 1 1511 1512
757 1 1513 1514
758 1 1515 1516
759 1 1517 1518
760 1 1519 1520
761 1 1521 1522
762 1 1523 1524
763 1 1525 1526
764 1 1527 1528
765 1 1529 1530
766 1 1531 1532
767 1 1533 1534
768 1 1535 1536
769 1 1537 1538
770 1 1539 1540
771 1 1541 1542
772 1 1543 1544
773 1 1545 1546
774 1 1547 1548
775 1 1549 1550
776 1 1551 1552
777 1 1553 1554
778 1 1555 1556
779 1 1557 1558
780 1 1559 1560
781 1 1561 1562
782 1 1563 1564
783 1 1565 1566
784 1 1567 1568
785 1 1569 1570
786 1 1571 1572
787 1 1573 1574
788 1 1575 1576
789 1 1577 1578
790 1 1579 1580
791 1 1581 1582
792 1 1583 1584
793 1 1585 1586
794 1 1587 1588
795 1 1589 1590
796 1 1591 1592
797 1 1593 1594
798 1 1595 1596
799 1 1597 1598
800 1 1599 1600
801 1 1601 1602
802 1 1603 1604
803 1 1605 1606
804 1 1607 1608
805 1 1609 1610
806 1 1611 1612
807 1 1613 1614
808 1 1615 1616
809 1 1617 1618
810 1 1619 1620
811 1 1621 1622
812 1 1623 1624
813 1 1625 1626
814 1 1627 1628
815 1 1629 1630
816 1 1631 1632
817 1 1633 1634
818 1 1635 1636
819 1 1637 1638
820 1 1639 1640
821 1 1641 1642
822 1 1643 1644
823 1 1645 1646
824 1 1647 1648
825 1 1649 1650
826 1 1651 1652
827 1 1653 1654
828 1 1655 1656
829 1 1657 1658
830 1 1659 1660
831 1 1661 1662
832 1 1663 1664
833 1 1665 1666
834 1 1667 1668
835 1 1669 1670
836 1 1671 1672
837 1 1673 1674
838 1 1675 1676
839 1 1677 1678
840 1 1679 1680
841 1 1681 1682
842 1 1683 1684
843 1 1685 1686
844 1 1687 1688
845 1 1689 1690
846 1 1691 1692
847 1 1693 1694
848 1 1695 1696
849 1 1697 1698
850 1 1699 1700
851 1 1701 1702
852 1 1703 1704
853 1 1705 1706
854 1 1707 1708
855 1 1709 1710
856 1 1711 1712
857 1 1713 1714
858 1 1715 1716
859 1 1717 1718
860 1 1719 1720
861 1 1721 1722
862 1 1723 1724
863 1 1725 1726
864 1 1727 1728
865 1 1729 1730
866 1 1731 1732
867 1 1733 1734
868 1 1735 1736
869 1 1737 1738
870 1 1739 1740
871 1 1741 1742
872 1 1743 1744
873 1 1745 1746
874 1 1747 1748
875 1 1749 1750
876 1 1751 1752
877 1 1753 1754
878 1 1755 1756
879 1 1757 1758
880 1 1759 1760
